340.712	-0
340.934	-0
341.155	-0
341.377	-0
341.598	-0
341.82	-0
342.041	-0
342.263	-0
342.484	-0
342.706	-0
342.927	-0
343.149	-0
343.37	0
343.592	0
343.813	0
344.034	0
344.256	0
344.477	0
344.699	0
344.92	0
345.141	0
345.362	0
345.584	0
345.805	0
346.026	0
346.247	0
346.469	0
346.69	0
346.911	0
347.132	0
347.353	0
347.574	0
347.796	0
348.017	0
348.238	0
348.459	0
348.68	0
348.901	0
349.122	0
349.343	0
349.564	0
349.785	0
350.006	0.00356305
350.227	0.00394456
350.448	0.00413345
350.668	0.00436576
350.889	0.00416579
351.11	0.00377351
351.331	0.00324457
351.552	0.0028656
351.773	0.00291939
351.993	0.00309752
352.214	0.00375664
352.435	0.00357444
352.656	0.00377406
352.876	0.00349311
353.097	0.0038486
353.318	0.00405492
353.538	0.0041527
353.759	0.0042664
353.98	0.00453163
354.2	0.00437116
354.421	0.00488019
354.642	0.00465212
354.862	0.00507285
355.083	0.00471033
355.303	0.00402859
355.524	0.00391711
355.744	0.0040381
355.965	0.00442681
356.185	0.004838
356.406	0.00426476
356.626	0.00402455
356.847	0.00336784
357.067	0.00333012
357.287	0.00302736
357.508	0.00259734
357.728	0.00360599
357.948	0.00386378
358.169	0.00371276
358.389	0.00317102
358.609	0.00290126
358.83	0.0034859
359.05	0.00392066
359.27	0.00448395
359.49	0.00417665
359.711	0.00419523
359.931	0.0048574
360.151	0.00492092
360.371	0.00420899
360.591	0.00443695
360.811	0.00488462
361.031	0.00446661
361.251	0.00370492
361.472	0.00293611
361.692	0.00273766
361.912	0.00331822
362.132	0.00347434
362.352	0.00357714
362.572	0.00336603
362.792	0.00383784
363.012	0.00357299
363.232	0.0039325
363.451	0.00417485
363.671	0.00421655
363.891	0.00461526
364.111	0.00444606
364.331	0.0037686
364.551	0.00322011
364.771	0.0030532
364.99	0.00188945
365.21	0.00189424
365.43	0.00227162
365.65	0.00176991
365.869	0.00153833
366.089	0.00132069
366.309	0.00097183
366.529	0.00119597
366.748	0.00144672
366.968	0.00166353
367.188	0.00114079
367.407	0.00171559
367.627	0.00127997
367.846	0.00080259
368.066	0.0007381
368.286	0.00189447
368.505	0.0024364
368.725	0.00333777
368.944	0.00331947
369.164	0.0032486
369.383	0.00323766
369.602	0.00343837
369.822	0.00370015
370.041	0.00395181
370.261	0.00409759
370.48	0.00395496
370.7	0.003348
370.919	0.00356172
371.138	0.00264186
371.358	0.0024756
371.577	0.00303447
371.796	0.00378571
372.015	0.00403419
372.235	0.00456827
372.454	0.00515904
372.673	0.00493374
372.892	0.00518389
373.112	0.00466084
373.331	0.00400596
373.55	0.00421436
373.769	0.00425786
373.988	0.00402959
374.207	0.00333276
374.426	0.00253276
374.645	0.00202792
374.864	0.00158974
375.083	0.0017721
375.302	0.00118871
375.521	0.00162579
375.74	0.00182505
375.959	0.00183402
376.178	0.00226086
376.397	0.00216956
376.616	0.00218619
376.835	0.0035044
377.054	0.00395317
377.273	0.00365505
377.492	0.00347669
377.711	0.00432849
377.929	0.004277
378.148	0.00478818
378.367	0.00412752
378.586	0.00324484
378.805	0.00275837
379.023	0.00332872
379.242	0.00266778
379.461	0.00276378
379.679	0.00268015
379.898	0.00286431
380.117	0.00283665
380.335	0.00257865
380.554	0.00221676
380.773	0.00231309
380.991	0.00322801
381.21	0.00353667
381.428	0.00289058
381.647	0.00308289
381.865	0.00239181
382.084	0.00263977
382.302	0.00307216
382.521	0.00233074
382.739	0.00243652
382.958	0.00220499
383.176	0.00240095
383.395	0.00219897
383.613	0.00232258
383.831	0.0022826
384.05	0.00204185
384.268	0.0024522
384.486	0.00222321
384.705	0.00216292
384.923	0.00240256
385.141	0.00237241
385.359	0.00256968
385.578	0.00270067
385.796	0.00217131
386.014	0.00179196
386.232	0.00225304
386.45	0.00194142
386.669	0.00215838
386.887	0.00253537
387.105	0.00241702
387.323	0.00265603
387.541	0.00261941
387.759	0.00320573
387.977	0.00327131
388.195	0.00371981
388.413	0.00440985
388.631	0.00391398
388.849	0.00463224
389.067	0.00450781
389.285	0.00405349
389.503	0.00380431
389.721	0.00391527
389.939	0.00394677
390.157	0.00342593
390.375	0.00320792
390.593	0.00307568
390.81	0.0024762
391.028	0.00291302
391.246	0.00266369
391.464	0.00273657
391.682	0.00287315
391.899	0.00299054
392.117	0.00311582
392.335	0.00306375
392.552	0.00306697
392.77	0.00333161
392.988	0.0034647
393.205	0.00349032
393.423	0.00324224
393.641	0.00341619
393.858	0.00328143
394.076	0.00315362
394.293	0.00286714
394.511	0.00299535
394.729	0.00303464
394.946	0.00289346
395.164	0.00274588
395.381	0.00305048
395.599	0.00342311
395.816	0.00408441
396.033	0.00391804
396.251	0.00396753
396.468	0.00463531
396.686	0.0046821
396.903	0.00437124
397.12	0.00428393
397.338	0.00455523
397.555	0.00473329
397.772	0.00430186
397.99	0.00427991
398.207	0.00389131
398.424	0.00421636
398.641	0.00441315
398.859	0.00442457
399.076	0.0046688
399.293	0.00503906
399.51	0.00541711
399.727	0.00573275
399.944	0.00574411
400.162	0.00537258
400.379	0.00536276
400.596	0.00518828
400.813	0.00498877
401.03	0.00536346
401.247	0.00505541
401.464	0.00520915
401.681	0.00526043
401.898	0.00552853
402.115	0.00551216
402.332	0.00546824
402.549	0.00613873
402.766	0.00634688
402.983	0.00686556
403.199	0.00739401
403.416	0.00698866
403.633	0.00734407
403.85	0.0075225
404.067	0.00753016
404.284	0.00733811
404.5	0.00696539
404.717	0.00711232
404.934	0.00727308
405.151	0.00774669
405.367	0.00740049
405.584	0.00700664
405.801	0.00721741
406.017	0.007118
406.234	0.00690758
406.451	0.00623361
406.667	0.00609017
406.884	0.00634843
407.101	0.00642136
407.317	0.00674935
407.534	0.00630874
407.75	0.00659449
407.967	0.00642007
408.183	0.00673974
408.4	0.00675334
408.616	0.00700478
408.833	0.00752997
409.049	0.00778588
409.265	0.00775752
409.482	0.00770086
409.698	0.00712702
409.915	0.00721161
410.131	0.00723548
410.347	0.00759124
410.564	0.00707805
410.78	0.00703457
410.996	0.00751117
411.212	0.00762526
411.429	0.00756743
411.645	0.0075531
411.861	0.00795304
412.077	0.00796973
412.294	0.0076961
412.51	0.00773953
412.726	0.00781405
412.942	0.00804301
413.158	0.00840253
413.374	0.00770342
413.59	0.00755727
413.806	0.00801891
414.022	0.00831983
414.238	0.0082501
414.455	0.00853064
414.671	0.00903051
414.886	0.00869382
415.102	0.00831048
415.318	0.00839419
415.534	0.00858408
415.75	0.00899682
415.966	0.00939911
416.182	0.00922489
416.398	0.0090299
416.614	0.00919938
416.83	0.00944395
417.045	0.00978239
417.261	0.01036998
417.477	0.01093965
417.693	0.01106224
417.909	0.0110236
418.124	0.01126185
418.34	0.01131599
418.556	0.01158297
418.771	0.01177874
418.987	0.01179577
419.203	0.01207366
419.418	0.01228748
419.634	0.01255672
419.85	0.01277017
420.065	0.01366118
420.281	0.01375618
420.496	0.01391329
420.712	0.0144849
420.927	0.01444626
421.143	0.01484568
421.358	0.01515081
421.574	0.01519912
421.789	0.01550446
422.005	0.01587327
422.22	0.01631959
422.435	0.01628856
422.651	0.01713834
422.866	0.01775531
423.082	0.01793685
423.297	0.01870438
423.512	0.01967304
423.727	0.02064976
423.943	0.02135556
424.158	0.02177103
424.373	0.02268017
424.589	0.02312872
424.804	0.02393236
425.019	0.02433907
425.234	0.02509585
425.449	0.02579395
425.664	0.02696586
425.88	0.02802487
426.095	0.02888095
426.31	0.03008391
426.525	0.03129047
426.74	0.03170891
426.955	0.03298616
427.17	0.0339381
427.385	0.03476103
427.6	0.03604918
427.815	0.03741323
428.03	0.03861332
428.245	0.03983532
428.46	0.04123278
428.675	0.04228878
428.89	0.04357811
429.105	0.04537014
429.319	0.04713718
429.534	0.04925603
429.749	0.05122031
429.964	0.05246832
430.179	0.05436502
430.394	0.05620484
430.608	0.05775584
430.823	0.0593805
431.038	0.06161239
431.252	0.06384521
431.467	0.06625478
431.682	0.06848756
431.897	0.07034932
432.111	0.07297263
432.326	0.07560292
432.54	0.07787867
432.755	0.0798158
432.97	0.08247922
433.184	0.0856189
433.399	0.0884736
433.613	0.09131377
433.828	0.09462403
434.042	0.09742578
434.257	0.10030814
434.471	0.10304544
434.686	0.10673057
434.9	0.1101776
435.114	0.11399907
435.329	0.11768489
435.543	0.12089048
435.758	0.12423586
435.972	0.12767383
436.186	0.13030841
436.401	0.13433708
436.615	0.13863835
436.829	0.14228661
437.043	0.14577557
437.258	0.14952416
437.472	0.15361121
437.686	0.15729537
437.9	0.16118197
438.115	0.16527018
438.329	0.16990754
438.543	0.17468873
438.757	0.17871484
438.971	0.18340849
439.185	0.18918242
439.399	0.19333812
439.613	0.19849746
439.827	0.20348606
440.041	0.20880582
440.255	0.21427445
440.469	0.22017697
440.683	0.22583333
440.897	0.23174741
441.111	0.23786517
441.325	0.24280702
441.539	0.24725238
441.753	0.25441492
441.967	0.26048934
442.181	0.26645168
442.395	0.27319214
442.609	0.27863999
442.822	0.28485039
443.036	0.29003873
443.25	0.29635866
443.464	0.30172945
443.677	0.30918821
443.891	0.31587841
444.105	0.32137486
444.319	0.32792847
444.532	0.33429478
444.746	0.34022523
444.96	0.34751994
445.173	0.35375142
445.387	0.3602595
445.6	0.36748117
445.814	0.37541947
446.028	0.38226886
446.241	0.38946424
446.455	0.39791649
446.668	0.40416299
446.882	0.41267283
447.095	0.4197776
447.309	0.42710154
447.522	0.434391
447.735	0.44245891
447.949	0.45117455
448.162	0.45840905
448.376	0.46601673
448.589	0.47377053
448.802	0.48097466
449.016	0.48840047
449.229	0.49525375
449.442	0.50345528
449.656	0.5110894
449.869	0.51812245
450.082	0.52686197
450.295	0.53308795
450.508	0.54059942
450.722	0.54781894
450.935	0.55653177
451.148	0.56474756
451.361	0.57328029
451.574	0.58101728
451.787	0.59068271
452.001	0.59932161
452.214	0.60974208
452.427	0.61676214
452.64	0.62498149
452.853	0.63469386
453.066	0.64407331
453.279	0.65177423
453.492	0.65981727
453.705	0.66958019
453.918	0.67906624
454.131	0.68699391
454.343	0.69707032
454.556	0.70479234
454.769	0.7140151
454.982	0.72264503
455.195	0.73052028
455.408	0.73833924
455.621	0.74825314
455.833	0.7576148
456.046	0.76533631
456.259	0.77409843
456.472	0.78212668
456.684	0.78964812
456.897	0.79755015
457.11	0.80633042
457.322	0.81622472
457.535	0.82458958
457.748	0.83370265
457.96	0.84202023
458.173	0.8502552
458.386	0.86027381
458.598	0.86787451
458.811	0.87493624
459.023	0.88392733
459.236	0.89192785
459.448	0.89996685
459.661	0.90696595
459.873	0.9147959
460.086	0.9227488
460.298	0.93113432
460.511	0.9352674
460.723	0.94338497
460.935	0.95032695
461.148	0.95875819
461.36	0.96377234
461.573	0.97114705
461.785	0.97958513
461.997	0.98798445
462.209	0.99398037
462.422	1.00112993
462.634	1.00616595
462.846	1.01646298
463.058	1.02123769
463.271	1.02892945
463.483	1.03444762
463.695	1.0432445
463.907	1.05044856
464.119	1.05546298
464.331	1.06225454
464.544	1.07114103
464.756	1.0794946
464.968	1.08657577
465.18	1.09202848
465.392	1.09764756
465.604	1.10344918
465.816	1.11011454
466.028	1.11644901
466.24	1.12416816
466.452	1.13042023
466.664	1.13469471
466.876	1.1400524
467.088	1.14282802
467.3	1.1476664
467.511	1.15309541
467.723	1.16088372
467.935	1.16891063
468.147	1.17452337
468.359	1.18043418
468.571	1.18649048
468.782	1.19098752
468.994	1.1960628
469.206	1.20002451
469.418	1.20764503
469.629	1.21318018
469.841	1.2211496
470.053	1.22434171
470.264	1.22577693
470.476	1.23039004
470.688	1.23471407
470.899	1.23498796
471.111	1.23924375
471.322	1.24158089
471.534	1.24576574
471.745	1.24774696
471.957	1.25285867
472.168	1.2546487
472.38	1.25768783
472.591	1.26492338
472.803	1.26679499
473.014	1.26778001
473.226	1.27339702
473.437	1.27737112
473.649	1.28215131
473.86	1.28455282
474.071	1.28821428
474.283	1.28961086
474.494	1.29185487
474.705	1.29460386
474.917	1.29594177
475.128	1.29998963
475.339	1.30252091
475.55	1.30558989
475.762	1.30713191
475.973	1.30817032
476.184	1.31233762
476.395	1.31346383
476.606	1.31419025
476.817	1.31581097
477.029	1.3154928
477.24	1.31672391
477.451	1.31840253
477.662	1.32052494
477.873	1.3207014
478.084	1.32083961
478.295	1.3206524
478.506	1.31946744
478.717	1.31932074
478.928	1.32073824
479.139	1.31970084
479.35	1.32240467
479.561	1.32189074
479.772	1.32192831
479.982	1.3211441
480.193	1.32049875
480.404	1.3232119
480.615	1.32470054
480.826	1.32477106
481.037	1.32404618
481.247	1.32448224
481.458	1.32543181
481.669	1.3254783
481.88	1.32393412
482.09	1.3235318
482.301	1.32422184
482.512	1.32430492
482.723	1.3223795
482.933	1.32099737
483.144	1.31969686
483.354	1.32035421
483.565	1.31933933
483.776	1.31867205
483.986	1.31564998
484.197	1.3155614
484.407	1.31405854
484.618	1.31375773
484.828	1.3122689
485.039	1.31138818
485.249	1.31047524
485.46	1.30991819
485.67	1.30956112
485.881	1.30887555
486.091	1.3072577
486.301	1.30578395
486.512	1.30503439
486.722	1.30594423
486.932	1.30403736
487.143	1.30260622
487.353	1.30236628
487.563	1.29992225
487.774	1.29886318
487.984	1.29645886
488.194	1.29355377
488.404	1.29127191
488.615	1.29089738
488.825	1.28877076
489.035	1.2862765
489.245	1.28436011
489.455	1.28303192
489.665	1.28055367
489.875	1.28075717
490.086	1.27701054
490.296	1.2755226
490.506	1.27410515
490.716	1.27359273
490.926	1.27115298
491.136	1.26996194
491.346	1.26661652
491.556	1.26378536
491.766	1.26114692
491.976	1.25924049
492.186	1.25653565
492.395	1.25517307
492.605	1.2539511
492.815	1.25119593
493.025	1.24896796
493.235	1.24820402
493.445	1.24667766
493.655	1.24382591
493.864	1.24334004
494.074	1.24146407
494.284	1.23904561
494.494	1.23638567
494.703	1.23485899
494.913	1.23248178
495.123	1.23058643
495.332	1.22804601
495.542	1.22507674
495.752	1.22207382
495.961	1.22057735
496.171	1.21661052
496.38	1.21438034
496.59	1.2111049
496.8	1.20951185
497.009	1.20759865
497.219	1.20457979
497.428	1.20341999
497.638	1.20169801
497.847	1.19976974
498.057	1.19725778
498.266	1.19590242
498.475	1.19332366
498.685	1.19071605
498.894	1.18920851
499.104	1.18662883
499.313	1.18505709
499.522	1.18318738
499.732	1.1801399
499.941	1.17636494
500.15	1.17423736
500.359	1.17242707
500.569	1.17044164
500.778	1.1695176
500.987	1.16805682
501.196	1.16559967
501.406	1.16377809
501.615	1.15999591
501.824	1.15720699
502.033	1.15539088
502.242	1.1545566
502.451	1.15160555
502.66	1.14917146
502.869	1.1454032
503.078	1.14138341
503.287	1.1377204
503.496	1.13526709
503.705	1.13178374
503.914	1.12964219
504.123	1.12717306
504.332	1.123501
504.541	1.12029789
504.75	1.11712421
504.959	1.11435303
505.168	1.11146234
505.377	1.10942183
505.586	1.10572176
505.795	1.10274351
506.003	1.10070982
506.212	1.09921028
506.421	1.09623201
506.63	1.09420862
506.838	1.09228427
507.047	1.09098445
507.256	1.08740947
507.465	1.08477468
507.673	1.08366518
507.882	1.08211044
508.091	1.08031619
508.299	1.07767102
508.508	1.07343153
508.716	1.07112405
508.925	1.06766904
509.134	1.0635068
509.342	1.06038987
509.551	1.05773787
509.759	1.0558654
509.968	1.05151348
510.176	1.04945459
510.385	1.04634834
510.593	1.04279662
510.802	1.04057674
511.01	1.03729353
511.218	1.03424215
511.427	1.03186404
511.635	1.02854606
511.843	1.02570514
512.052	1.02159924
512.26	1.0196177
512.468	1.01647577
512.677	1.0125049
512.885	1.00994285
513.093	1.00668339
513.301	1.00319103
513.51	1.00151536
513.718	0.99894624
513.926	0.99600761
514.134	0.99304947
514.342	0.99076759
514.55	0.9876409
514.759	0.98468021
514.967	0.98268166
515.175	0.98016608
515.383	0.97790109
515.591	0.97539644
515.799	0.9715224
516.007	0.96824514
516.215	0.96544978
516.423	0.96255956
516.631	0.95935963
516.839	0.95592697
517.047	0.95241639
517.255	0.94840536
517.463	0.94435733
517.67	0.94094032
517.878	0.93768885
518.086	0.93472794
518.294	0.93122872
518.502	0.92779861
518.71	0.92412791
518.917	0.92134691
519.125	0.9174886
519.333	0.91377514
519.541	0.91037824
519.748	0.90711608
519.956	0.9038211
520.164	0.90066176
520.371	0.89758814
520.579	0.89410288
520.787	0.8906242
520.994	0.88761879
521.202	0.88380944
521.409	0.88096692
521.617	0.87844964
521.825	0.87562477
522.032	0.87336865
522.24	0.87015077
522.447	0.86769867
522.655	0.86485285
522.862	0.86283821
523.069	0.86006087
523.277	0.8574345
523.484	0.85502852
523.692	0.8521488
523.899	0.84877655
524.106	0.84599722
524.314	0.84311308
524.521	0.84027909
524.728	0.83690016
524.936	0.83404477
525.143	0.83067627
525.35	0.82792596
525.558	0.82495814
525.765	0.82101652
525.972	0.81741252
526.179	0.81430602
526.386	0.81151854
526.594	0.80764296
526.801	0.80464279
527.008	0.80124223
527.215	0.79755849
527.422	0.7938275
527.629	0.79042024
527.836	0.78680012
528.043	0.78425937
528.25	0.78169276
528.457	0.77830469
528.664	0.77530733
528.871	0.77221578
529.078	0.76859479
529.285	0.76568369
529.492	0.76211399
529.699	0.75909021
529.906	0.75607374
530.113	0.75295124
530.32	0.74970466
530.526	0.74695739
530.733	0.74395768
530.94	0.74066874
531.147	0.7377076
531.354	0.73532607
531.56	0.73300702
531.767	0.7308129
531.974	0.72846193
532.181	0.72582975
532.387	0.72366497
532.594	0.72097102
532.801	0.71798708
533.007	0.71556122
533.214	0.71275043
533.42	0.70998188
533.627	0.70677975
533.834	0.7032416
534.04	0.70026588
534.247	0.69761247
534.453	0.69429146
534.66	0.6914755
534.866	0.68850773
535.073	0.68570857
535.279	0.68290449
535.486	0.68003448
535.692	0.67787103
535.898	0.67493602
536.105	0.67214566
536.311	0.66920327
536.518	0.66608104
536.724	0.66321842
536.93	0.65989443
537.137	0.65740548
537.343	0.65446806
537.549	0.65190471
537.755	0.64880333
537.962	0.64620892
538.168	0.64356958
538.374	0.64017733
538.58	0.63716708
538.786	0.6341692
538.993	0.63198433
539.199	0.62974518
539.405	0.62710692
539.611	0.62433127
539.817	0.62153314
540.023	0.61912928
540.229	0.61607291
540.435	0.61321627
540.641	0.61118704
540.847	0.60899162
541.053	0.60709777
541.259	0.60423704
541.465	0.60079592
541.671	0.59797015
541.877	0.59567882
542.083	0.59278719
542.289	0.58992642
542.495	0.58687107
542.701	0.58455555
542.906	0.58180651
543.112	0.57892585
543.318	0.57604041
543.524	0.57326705
543.73	0.5712256
543.935	0.56831824
544.141	0.56560836
544.347	0.56340289
544.553	0.56089048
544.758	0.5584364
544.964	0.55565193
545.17	0.55278191
545.375	0.55048728
545.581	0.5478423
545.786	0.54575857
545.992	0.54338086
546.198	0.54089715
546.403	0.53857836
546.609	0.53611427
546.814	0.53382063
547.02	0.53146589
547.225	0.5295446
547.431	0.52796055
547.636	0.52572194
547.842	0.52322085
548.047	0.52077859
548.252	0.51817452
548.458	0.51650053
548.663	0.51394367
548.869	0.51128521
549.074	0.50911054
549.279	0.50705255
549.484	0.50473202
549.69	0.50219435
549.895	0.50003279
550.1	0.49840659
550.306	0.49585679
550.511	0.49348859
550.716	0.49089198
550.921	0.48849391
551.126	0.48672226
551.331	0.48427548
551.537	0.4815872
551.742	0.47930281
551.947	0.47665953
552.152	0.47401049
552.357	0.47102637
552.562	0.46855087
552.767	0.46623263
552.972	0.46375979
553.177	0.46169726
553.382	0.45933079
553.587	0.45763651
553.792	0.45561696
553.997	0.45315723
554.202	0.45112254
554.407	0.44905699
554.612	0.44712521
554.817	0.44517256
555.021	0.44334389
555.226	0.441236
555.431	0.43896153
555.636	0.4365131
555.841	0.43387228
556.045	0.43196083
556.25	0.42961708
556.455	0.42754557
556.66	0.42552944
556.864	0.4234534
557.069	0.42179682
557.274	0.41948961
557.478	0.41789015
557.683	0.41636573
557.888	0.41410303
558.092	0.41220845
558.297	0.40988353
558.501	0.40848062
558.706	0.40691309
558.91	0.40462832
559.115	0.40273546
559.319	0.40030612
559.524	0.39839923
559.728	0.39610446
559.933	0.39396916
560.137	0.39257141
560.342	0.39059225
560.546	0.38885279
560.75	0.3867812
560.955	0.38468024
561.159	0.38287217
561.364	0.38090468
561.568	0.37913061
561.772	0.37728981
561.976	0.3755292
562.181	0.37348503
562.385	0.37140646
562.589	0.36969131
562.793	0.36792144
562.998	0.36596301
563.202	0.3640055
563.406	0.36223907
563.61	0.36057392
563.814	0.35879138
564.018	0.35699822
564.222	0.35547132
564.427	0.35359094
564.631	0.35181958
564.835	0.35020896
565.039	0.34825883
565.243	0.34643615
565.447	0.34451938
565.651	0.34296363
565.855	0.34118937
566.059	0.339408
566.263	0.33793209
566.466	0.33632564
566.67	0.3350099
566.874	0.33337954
567.078	0.33159457
567.282	0.33031639
567.486	0.32882105
567.69	0.3271789
567.893	0.32576768
568.097	0.32413246
568.301	0.32266364
568.505	0.32089591
568.708	0.31914663
568.912	0.31753598
569.116	0.31600448
569.319	0.31415383
569.523	0.31231398
569.727	0.31085071
569.93	0.30984129
570.134	0.30818999
570.338	0.30681897
570.541	0.3053465
570.745	0.30406925
570.948	0.30214309
571.152	0.30029292
571.355	0.29858004
571.559	0.29731417
571.762	0.29580181
571.966	0.29405604
572.169	0.29230408
572.373	0.29034147
572.576	0.28878862
572.78	0.28716825
572.983	0.28533079
573.186	0.28400825
573.39	0.28237133
573.593	0.28087733
573.796	0.27921533
574	0.27769519
574.203	0.27602887
574.406	0.27440097
574.609	0.27322693
574.813	0.27161823
575.016	0.27025093
575.219	0.2690418
575.422	0.26775391
575.625	0.26705791
575.828	0.26569682
576.032	0.26459564
576.235	0.26353831
576.438	0.26257997
576.641	0.26143236
576.844	0.26001201
577.047	0.258892
577.25	0.25759247
577.453	0.25603751
577.656	0.25475683
577.859	0.25311524
578.062	0.25205605
578.265	0.25050088
578.468	0.24880613
578.671	0.24735722
578.874	0.24571906
579.076	0.24475399
579.279	0.2432675
579.482	0.24191582
579.685	0.24034604
579.888	0.23901964
580.091	0.23790251
580.293	0.23668331
580.496	0.23555124
580.699	0.23443738
580.902	0.23316918
581.104	0.23233021
581.307	0.23072082
581.51	0.22946366
581.712	0.22810366
581.915	0.22729156
582.118	0.22602973
582.32	0.22442885
582.523	0.22318385
582.725	0.22180665
582.928	0.22081213
583.131	0.21973431
583.333	0.21834554
583.536	0.21738997
583.738	0.21660963
583.941	0.21546616
584.143	0.2141207
584.345	0.21289611
584.548	0.21198679
584.75	0.21054204
584.953	0.20978802
585.155	0.20861984
585.357	0.2073718
585.56	0.20664808
585.762	0.20550258
585.964	0.20424586
586.167	0.20343882
586.369	0.20251683
586.571	0.20167505
586.773	0.20071988
586.976	0.19976424
587.178	0.1985528
587.38	0.19758276
587.582	0.19695717
587.784	0.19566084
587.987	0.19470681
588.189	0.19351848
588.391	0.19260248
588.593	0.19190581
588.795	0.19081994
588.997	0.1898337
589.199	0.18908323
589.401	0.18822741
589.603	0.18719858
589.805	0.18606436
590.007	0.1852342
590.209	0.1841616
590.411	0.18330522
590.613	0.18211179
590.815	0.1812713
591.017	0.18028553
591.219	0.17923476
591.42	0.17814914
591.622	0.17705737
591.824	0.17605971
592.026	0.1751405
592.228	0.17420253
592.429	0.17322922
592.631	0.17248029
592.833	0.17143381
593.035	0.17020284
593.236	0.16952572
593.438	0.16846602
593.64	0.16763976
593.841	0.166922
594.043	0.166246
594.245	0.16539461
594.446	0.16440231
594.648	0.16360033
594.849	0.16256086
595.051	0.16173264
595.252	0.1609913
595.454	0.16004725
595.655	0.15938468
595.857	0.15845236
596.058	0.15756114
596.26	0.15666168
596.461	0.15574834
596.663	0.15514306
596.864	0.15443073
597.066	0.1536624
597.267	0.15308154
597.468	0.15213403
597.67	0.15132072
597.871	0.15072318
598.072	0.14996961
598.274	0.14925234
598.475	0.14837582
598.676	0.14761807
598.877	0.14681776
599.078	0.1461331
599.28	0.14542908
599.481	0.14464474
599.682	0.14401148
599.883	0.14309592
600.084	0.14217617
600.285	0.14160377
600.487	0.14089602
600.688	0.14042377
600.889	0.13967243
601.09	0.13899488
601.291	0.13809232
601.492	0.13747912
601.693	0.13669834
601.894	0.13590154
602.095	0.13546928
602.296	0.13474005
602.497	0.13400456
602.698	0.13312041
602.898	0.13224096
603.099	0.1317042
603.3	0.1308637
603.501	0.13027728
603.702	0.1294203
603.903	0.12870536
604.104	0.12795814
604.304	0.12720393
604.505	0.126616
604.706	0.12582535
604.907	0.12506262
605.107	0.12445114
605.308	0.12351378
605.509	0.12280211
605.709	0.12209674
605.91	0.12148418
606.111	0.12090992
606.311	0.12063605
606.512	0.11991037
606.712	0.11922155
606.913	0.1186842
607.114	0.11807361
607.314	0.11730475
607.515	0.11689076
607.715	0.11655616
607.916	0.11599365
608.116	0.11533637
608.316	0.11475934
608.517	0.11407992
608.717	0.1135277
608.918	0.11295803
609.118	0.11218068
609.318	0.11182015
609.519	0.11140921
609.719	0.11075888
609.919	0.10996415
610.12	0.10943963
610.32	0.10888745
610.52	0.10845229
610.721	0.10764734
610.921	0.10710359
611.121	0.10656765
611.321	0.10611168
611.521	0.10563178
611.722	0.10511157
611.922	0.1046126
612.122	0.1039998
612.322	0.10343511
612.522	0.10297751
612.722	0.10225768
612.922	0.10197327
613.122	0.1013764
613.322	0.10102734
613.522	0.1006134
613.722	0.09991371
613.922	0.09935945
614.122	0.09874064
614.322	0.09833321
614.522	0.0980002
614.722	0.09736976
614.922	0.09709283
615.122	0.09641045
615.322	0.09578843
615.521	0.09513727
615.721	0.094475
615.921	0.09417504
616.121	0.09358897
616.321	0.09298856
616.52	0.09249501
616.72	0.09181522
616.92	0.09149395
617.12	0.09086712
617.319	0.09030096
617.519	0.08996399
617.719	0.08942933
617.918	0.08910997
618.118	0.08847289
618.318	0.08790341
618.517	0.08750701
618.717	0.08685507
618.916	0.08639338
619.116	0.08577889
619.315	0.08523354
619.515	0.08482214
619.714	0.08449806
619.914	0.08407684
620.113	0.08365624
620.313	0.08333138
620.512	0.08320566
620.712	0.0830017
620.911	0.08265438
621.11	0.08228153
621.31	0.08209692
621.509	0.08189842
621.708	0.08176342
621.908	0.08132487
622.107	0.08103163
622.306	0.08064281
622.506	0.08031002
622.705	0.0796039
622.904	0.07904566
623.103	0.07880529
623.302	0.07844074
623.502	0.07776538
623.701	0.07726233
623.9	0.07679527
624.099	0.07641597
624.298	0.07585931
624.497	0.07559709
624.696	0.07518972
624.895	0.07485719
625.094	0.07461061
625.293	0.07421024
625.492	0.07376487
625.691	0.07352698
625.89	0.07304465
626.089	0.07258298
626.288	0.07208074
626.487	0.07189478
626.686	0.07127959
626.885	0.07072993
627.084	0.07047614
627.283	0.07014933
627.482	0.06978197
627.68	0.06960127
627.879	0.06943751
628.078	0.06931766
628.277	0.06896903
628.476	0.06868137
628.674	0.0682169
628.873	0.06781384
629.072	0.06745551
629.27	0.06725303
629.469	0.06688243
629.668	0.06637298
629.866	0.06591162
630.065	0.06544174
630.264	0.06497183
630.462	0.06464231
630.661	0.06411418
630.859	0.06386165
631.058	0.06378086
631.256	0.06352177
631.455	0.06319165
631.653	0.06296052
631.852	0.06265646
632.05	0.06227931
632.249	0.06194808
632.447	0.06164491
632.646	0.06118374
632.844	0.06107551
633.042	0.06074566
633.241	0.06052829
633.439	0.06036834
633.637	0.05992192
633.836	0.05941228
634.034	0.0593029
634.232	0.05914039
634.43	0.05886948
634.629	0.05869753
634.827	0.05858806
635.025	0.05826314
635.223	0.05796535
635.421	0.05747123
635.62	0.05707609
635.818	0.05683376
636.016	0.05687596
636.214	0.05657654
636.412	0.05614305
636.61	0.05580075
636.808	0.05557492
637.006	0.05516329
637.204	0.05516021
637.402	0.05488162
637.6	0.05459333
637.798	0.054459
637.996	0.05421568
638.194	0.05389045
638.392	0.05354126
638.59	0.05328303
638.788	0.05317256
638.986	0.05267416
639.184	0.0525806
639.381	0.05195832
639.579	0.05200547
639.777	0.05158469
639.975	0.05133768
640.173	0.05105479
640.37	0.05056451
640.568	0.05038074
640.766	0.05011311
640.963	0.04988947
641.161	0.04973164
641.359	0.04956805
641.556	0.0496098
641.754	0.04911206
641.952	0.04910937
642.149	0.04882278
642.347	0.0485816
642.544	0.04845152
642.742	0.04820804
642.939	0.04826571
643.137	0.04795182
643.335	0.04787399
643.532	0.04744989
643.729	0.04718509
643.927	0.0470486
644.124	0.04667383
644.322	0.04640848
644.519	0.04621781
644.717	0.0459251
644.914	0.04569869
645.111	0.045066
645.309	0.04485199
645.506	0.04455585
645.703	0.0443471
645.9	0.04415736
646.098	0.04385862
646.295	0.04389382
646.492	0.04389467
646.689	0.04365079
646.887	0.04341543
647.084	0.04341209
647.281	0.04343625
647.478	0.04322586
647.675	0.04281595
647.872	0.04269442
648.069	0.04247343
648.267	0.04220657
648.464	0.0420226
648.661	0.04170412
648.858	0.04150708
649.055	0.04148765
649.252	0.0412186
649.449	0.04113647
649.646	0.04110524
649.843	0.04119786
650.04	0.04100226
650.236	0.04078565
650.433	0.0407175
650.63	0.04042773
650.827	0.04017493
651.024	0.03993843
651.221	0.03965717
651.418	0.03954157
651.614	0.03927071
651.811	0.0386941
652.008	0.03868001
652.205	0.03866033
652.401	0.0385324
652.598	0.03861533
652.795	0.03835933
652.991	0.03827534
653.188	0.03811585
653.385	0.03775835
653.581	0.03738142
653.778	0.03724895
653.975	0.03729563
654.171	0.03678823
654.368	0.03621112
654.564	0.03613886
654.761	0.03574524
654.957	0.03565029
655.154	0.0354242
655.35	0.03529602
655.547	0.03532966
655.743	0.03541687
655.94	0.03530911
656.136	0.03518619
656.332	0.03490181
656.529	0.03498777
656.725	0.0347837
656.921	0.03465283
657.118	0.0344582
657.314	0.0344067
657.51	0.03434456
657.707	0.03410809
657.903	0.03365835
658.099	0.0332509
658.295	0.03295072
658.492	0.03302252
658.688	0.03294102
658.884	0.03277995
659.08	0.03242478
659.276	0.03224266
659.472	0.03189946
659.669	0.03183546
659.865	0.03182326
660.061	0.0318298
660.257	0.03173428
660.453	0.03177958
660.649	0.03157167
660.845	0.03145631
661.041	0.03143824
661.237	0.03124318
661.433	0.03118488
661.629	0.03114974
661.825	0.03086555
662.021	0.03068311
662.216	0.03058955
662.412	0.03046281
662.608	0.03033988
662.804	0.03017015
663	0.03000876
663.196	0.02940373
663.391	0.02944204
663.587	0.02937457
663.783	0.02921597
663.979	0.02914582
664.174	0.02892105
664.37	0.02868355
664.566	0.02868018
664.761	0.02859378
664.957	0.02859098
665.153	0.02860898
665.348	0.02877942
665.544	0.02849302
665.74	0.02832686
665.935	0.02833213
666.131	0.02831774
666.326	0.0283932
666.522	0.02839592
666.717	0.02834841
666.913	0.02810214
667.108	0.02788911
667.304	0.02743961
667.499	0.02727069
667.694	0.02719448
667.89	0.02680661
668.085	0.0263899
668.281	0.02617772
668.476	0.02583261
668.671	0.02548338
668.867	0.02511675
669.062	0.02530329
669.257	0.02513756
669.453	0.0251514
669.648	0.02518404
669.843	0.02526712
670.038	0.0254868
670.233	0.0256078
670.429	0.02556161
670.624	0.02562072
670.819	0.02558086
671.014	0.02551176
671.209	0.02523867
671.404	0.02514535
671.599	0.02508327
671.794	0.02484764
671.989	0.024601
672.185	0.02434255
672.38	0.02419076
672.575	0.02414017
672.77	0.02401028
672.964	0.02401327
673.159	0.02413634
673.354	0.02394079
673.549	0.02388478
673.744	0.0238527
673.939	0.02377616
674.134	0.02392976
674.329	0.02408058
674.524	0.02390526
674.718	0.02367991
674.913	0.02360195
675.108	0.02353027
675.303	0.02331151
675.498	0.02304863
675.692	0.02306078
675.887	0.02292851
676.082	0.02294418
676.276	0.02276714
676.471	0.02252889
676.666	0.02249751
676.86	0.02237787
677.055	0.02212714
677.25	0.02214147
677.444	0.02214576
677.639	0.022264
677.833	0.02219241
678.028	0.02188486
678.222	0.02188597
678.417	0.02162302
678.611	0.02157196
678.806	0.02153436
679	0.02135381
679.195	0.02145144
679.389	0.02128148
679.583	0.02119276
679.778	0.02107216
679.972	0.02093313
680.166	0.02091419
680.361	0.02055359
680.555	0.02055683
680.749	0.02042305
680.944	0.02037141
681.138	0.02049337
681.332	0.02010205
681.526	0.01994066
681.721	0.01960519
681.915	0.01949948
682.109	0.01943644
682.303	0.01947849
682.497	0.01934382
682.691	0.019185
682.886	0.01932948
683.08	0.01913052
683.274	0.01904993
683.468	0.01908893
683.662	0.01911354
683.856	0.01914779
684.05	0.01910382
684.244	0.01895409
684.438	0.01869565
684.632	0.01849419
684.826	0.01846813
685.02	0.01808652
685.214	0.01823879
685.408	0.01806894
685.601	0.01819154
685.795	0.0180989
685.989	0.01823805
686.183	0.01825167
686.377	0.01840532
686.571	0.01848667
686.764	0.01862589
686.958	0.01854972
687.152	0.01845962
687.346	0.01840983
687.539	0.01834517
687.733	0.01822361
687.927	0.01802587
688.12	0.01773263
688.314	0.01780393
688.508	0.0176686
688.701	0.01777812
688.895	0.01775548
689.088	0.01767027
689.282	0.01772472
689.475	0.01755724
689.669	0.01761806
689.862	0.01739083
690.056	0.01754792
690.249	0.01772494
690.443	0.01740224
690.636	0.01747756
690.83	0.01733821
691.023	0.01731377
691.217	0.01720478
691.41	0.01735216
691.603	0.01699296
691.797	0.01690211
691.99	0.01686825
692.183	0.01643163
692.376	0.01652544
692.57	0.01649875
692.763	0.01620702
692.956	0.01600247
693.149	0.01576526
693.343	0.0159729
693.536	0.01559073
693.729	0.01578555
693.922	0.01559754
694.115	0.0155476
694.308	0.01578202
694.502	0.01520625
694.695	0.01522761
694.888	0.01508896
695.081	0.01514788
695.274	0.01526428
695.467	0.01491431
695.66	0.01505025
695.853	0.01499588
696.046	0.01484416
696.239	0.01508451
696.432	0.01494306
696.625	0.01512359
696.818	0.01499135
697.01	0.01499208
697.203	0.01494977
697.396	0.01497509
697.589	0.01506156
697.782	0.01476983
697.975	0.01481907
698.167	0.01483231
698.36	0.0146922
698.553	0.0147796
698.746	0.01462153
698.938	0.01462383
699.131	0.01455921
699.324	0.01445222
699.516	0.0142737
699.709	0.01414042
699.902	0.01431432
700.094	0.01422225
700.287	0.01435413
700.479	0.01428546
700.672	0.01397521
700.865	0.01400632
701.057	0.01370197
701.25	0.01388618
701.442	0.01391166
701.635	0.01422044
701.827	0.01409812
702.02	0.01403603
702.212	0.01385311
702.404	0.01387393
702.597	0.01374624
702.789	0.01380977
702.982	0.01353936
703.174	0.01381687
703.366	0.01345539
703.559	0.01328003
703.751	0.0130231
703.943	0.01306917
704.135	0.01300613
704.328	0.01287102
704.52	0.01259568
704.712	0.01259897
704.904	0.0123674
705.096	0.01263468
705.289	0.01232767
705.481	0.01239353
705.673	0.01235955
705.865	0.01192682
706.057	0.01198384
706.249	0.01196568
706.441	0.01212691
706.633	0.01204863
706.825	0.01189844
707.017	0.01191377
707.209	0.01174976
707.401	0.01170329
707.593	0.01153621
707.785	0.01142081
707.977	0.01173287
708.169	0.01147551
708.361	0.01138381
708.553	0.01113611
708.745	0.01114867
708.937	0.01136378
709.128	0.01163492
709.32	0.01146367
709.512	0.01175479
709.704	0.01181308
709.896	0.01191515
710.087	0.01161026
710.279	0.01200868
710.471	0.01198996
710.662	0.01206965
710.854	0.01212249
711.046	0.01182424
711.237	0.01168364
711.429	0.0116575
711.621	0.01122714
711.812	0.01098423
712.004	0.01111907
712.195	0.01135646
712.387	0.01102161
712.578	0.0109832
712.77	0.01098376
712.961	0.01098413
713.153	0.01088277
713.344	0.01092475
713.536	0.01093907
713.727	0.01111387
713.919	0.01122902
714.11	0.01096826
714.301	0.01053857
714.493	0.01023579
714.684	0.01032347
714.875	0.01010805
715.067	0.00984809
715.258	0.00984271
715.449	0.00980457
715.641	0.00972557
715.832	0.00967435
716.023	0.00947116
716.214	0.0094955
716.405	0.00978538
716.597	0.00976927
716.788	0.00965767
716.979	0.00969381
717.17	0.00997548
717.361	0.00999408
717.552	0.0097071
717.743	0.00985929
717.934	0.00973028
718.125	0.00989068
718.316	0.00983946
718.507	0.01006496
718.698	0.01056746
718.889	0.01033932
719.08	0.01062099
719.271	0.0105034
719.462	0.01067048
719.653	0.01052455
719.844	0.01088914
720.035	0.01098315
720.226	0.01087094
720.417	0.01074969
720.607	0.0103805
720.798	0.01009467
720.989	0.01028086
721.18	0.01005066
721.371	0.00995681
721.561	0.00952382
721.752	0.00971652
721.943	0.00919908
722.133	0.00902944
722.324	0.00885883
722.515	0.00900518
722.705	0.00885026
722.896	0.00867296
723.087	0.00897488
723.277	0.00898732
723.468	0.00890241
723.658	0.00902182
723.849	0.0090295
724.039	0.00886567
724.23	0.00912134
724.42	0.00946005
724.611	0.00923719
724.801	0.00947136
724.992	0.00957106
725.182	0.00881906
725.373	0.00890795
725.563	0.00885816
725.753	0.00897672
725.944	0.00892922
726.134	0.00907429
726.324	0.00905388
726.515	0.00910161
726.705	0.00930582
726.895	0.00921773
727.085	0.00909855
727.276	0.00918523
727.466	0.00915545
727.656	0.00935029
727.846	0.00930486
728.036	0.00949846
728.227	0.00939464
728.417	0.00922625
728.607	0.00921402
728.797	0.00895478
728.987	0.00854622
729.177	0.00855548
729.367	0.00882629
729.557	0.00860442
729.747	0.008304
729.937	0.00825408
730.127	0.0080626
730.317	0.00809535
730.507	0.00790673
730.697	0.00749193
730.887	0.00767184
731.077	0.00810305
731.267	0.00803295
731.457	0.00777484
731.646	0.00753235
731.836	0.00772864
732.026	0.00759474
732.216	0.00761731
732.406	0.0077428
732.595	0.00794643
732.785	0.00801214
732.975	0.00796559
733.165	0.00769957
733.354	0.00751457
733.544	0.00753038
733.734	0.00825361
733.923	0.00815313
734.113	0.00803585
734.302	0.00776569
734.492	0.00764715
734.682	0.00746335
734.871	0.00756711
735.061	0.00746423
735.25	0.00759338
735.44	0.00756881
735.629	0.00754817
735.819	0.00721509
736.008	0.00707578
736.198	0.00728428
736.387	0.00734602
736.577	0.00713854
736.766	0.0069788
736.955	0.0068419
737.145	0.00671315
737.334	0.00683091
737.523	0.00719597
737.713	0.00744347
737.902	0.00713599
738.091	0.00744868
738.28	0.00728115
738.47	0.0075693
738.659	0.00724826
738.848	0.00737538
739.037	0.0076815
739.227	0.0079104
739.416	0.00773939
739.605	0.00737114
739.794	0.00717096
739.983	0.00711932
740.172	0.00689765
740.361	0.00704242
740.55	0.00698987
740.739	0.00736983
740.928	0.00738755
741.117	0.00703866
741.306	0.00660434
741.495	0.00669857
741.684	0.00671963
741.873	0.00690476
742.062	0.00710409
742.251	0.00693316
742.44	0.00708593
742.629	0.00688349
742.818	0.00712472
743.007	0.00692342
743.195	0.00674199
743.384	0.00698785
743.573	0.00654342
743.762	0.00668615
743.95	0.00625631
744.139	0.00626261
744.328	0.00629178
744.517	0.00578179
744.705	0.00553455
744.894	0.005316
745.083	0.00554842
745.271	0.0058353
745.46	0.00608331
745.649	0.00642889
745.837	0.00649804
746.026	0.00679422
746.214	0.00648209
746.403	0.00652124
746.591	0.00670758
746.78	0.00710048
746.968	0.00690973
747.157	0.00668346
747.345	0.00650835
747.534	0.00622039
747.722	0.00638936
747.91	0.00644442
748.099	0.00651128
748.287	0.00695092
748.476	0.00700699
748.664	0.00684777
748.852	0.00653119
749.041	0.00689953
749.229	0.00718447
749.417	0.00733866
749.605	0.00688001
749.794	0.0068931
749.982	0.00681809
750.17	0.00674052
750.358	0.0064201
750.546	0.00630281
750.734	0.00654858
750.923	0.00659906
751.111	0.0065197
751.299	0.00634943
751.487	0.00630221
751.675	0.0069511
751.863	0.00697733
752.051	0.00681626
752.239	0.00625077
752.427	0.00577284
752.615	0.00584109
752.803	0.00545682
752.991	0.00524058
753.179	0.00492233
753.367	0.00490706
753.555	0.00482097
753.743	0.00418466
753.93	0.00405559
754.118	0.00395775
754.306	0.00443011
754.494	0.00482737
754.682	0.00444033
754.87	0.00475046
755.057	0.00526482
755.245	0.00535603
755.433	0.00544587
755.621	0.0051355
755.808	0.00563864
755.996	0.00520888
756.184	0.00521886
756.371	0.00541794
756.559	0.00562758
756.746	0.00592078
756.934	0.00578404
757.122	0.00500773
757.309	0.0048349
757.497	0.00476485
757.684	0.00508654
757.872	0.00492971
758.059	0.00508364
758.247	0.00507766
758.434	0.00469718
758.622	0.00464452
758.809	0.00445996
758.997	0.00449035
759.184	0.00488371
759.371	0.0048085
759.559	0.0047753
759.746	0.00528361
759.933	0.00539109
760.121	0.00521438
760.308	0.00532414
760.495	0.00523352
760.682	0.00513116
760.87	0.00521257
761.057	0.0052611
761.244	0.00518852
761.431	0.00560711
761.619	0.00551216
761.806	0.0047706
761.993	0.00440869
762.18	0.00487087
762.367	0.00477657
762.554	0.00503634
762.741	0.00506153
762.928	0.00526262
763.115	0.00469512
763.302	0.00474072
763.489	0.00406944
763.676	0.0042656
763.863	0.00420622
764.05	0.0051118
764.237	0.00475332
764.424	0.00500812
764.611	0.00513414
764.798	0.00493017
764.985	0.00464447
765.172	0.00489739
765.359	0.00518946
765.545	0.00560751
765.732	0.00517114
765.919	0.00543416
766.106	0.00466903
766.292	0.00460942
766.479	0.0042475
766.666	0.00349947
766.853	0.0036335
767.039	0.00391995
767.226	0.0039085
767.413	0.00381823
767.599	0.00406402
767.786	0.00432601
767.973	0.00418142
768.159	0.00458062
768.346	0.0042972
768.532	0.00468508
768.719	0.00489577
768.905	0.00468023
769.092	0.00460231
769.278	0.00435003
769.465	0.00437633
769.651	0.00432866
769.838	0.00449302
770.024	0.00454096
770.21	0.00388909
770.397	0.00404622
770.583	0.00388867
770.77	0.00421051
770.956	0.00426972
771.142	0.00392828
771.329	0.00447218
771.515	0.00425795
771.701	0.00454688
771.887	0.00460389
772.074	0.00462274
772.26	0.0050278
772.446	0.00480999
772.632	0.00486521
772.818	0.00429022
773.004	0.00436426
773.191	0.00481684
773.377	0.00482466
773.563	0.00477358
773.749	0.00433236
773.935	0.0038374
774.121	0.00357342
774.307	0.00333768
774.493	0.00382784
774.679	0.00355031
774.865	0.00400496
775.051	0.00412014
775.237	0.00379343
775.423	0.00373135
775.609	0.00367773
775.795	0.00361968
775.981	0.00357719
776.166	0.00380303
776.352	0.00422395
776.538	0.00392886
776.724	0.00413861
776.91	0.00412642
777.096	0.00361712
777.281	0.0037941
777.467	0.00355928
777.653	0.00370555
777.839	0.00352011
778.024	0.00370392
778.21	0.00363541
778.396	0.00351872
778.581	0.00352503
778.767	0.00325531
778.952	0.00301255
779.138	0.00345496
779.324	0.00309231
779.509	0.0033623
779.695	0.00369712
779.88	0.00313997
780.066	0.00358521
780.251	0.00368184
780.437	0.00344082
780.622	0.00389405
780.808	0.00417272
780.993	0.00429158
781.179	0.00420925
781.364	0.00419497
781.549	0.00408578
781.735	0.00357356
781.92	0.00451068
782.105	0.00452879
782.291	0.00484597
782.476	0.00518244
782.661	0.00473508
782.846	0.00417116
783.032	0.00437328
783.217	0.00452052
783.402	0.00487353
783.587	0.00484554
783.773	0.00511925
783.958	0.00457039
784.143	0.00411254
784.328	0.00391887
784.513	0.00400034
784.698	0.00423802
784.883	0.0043957
785.068	0.00384281
785.253	0.0039668
785.438	0.00368842
785.623	0.00394799
785.808	0.00382005
785.993	0.00426151
786.178	0.00447578
786.363	0.00401079
786.548	0.00377316
786.733	0.00358349
786.918	0.00382699
787.103	0.00405509
787.288	0.00395565
787.473	0.00430162
787.657	0.00359676
787.842	0.00338257
788.027	0.0033763
788.212	0.00339914
788.396	0.00343894
788.581	0.00329317
788.766	0.00357152
788.951	0.00325918
789.135	0.00326284
789.32	0.00338985
789.505	0.0031794
789.689	0.00381142
789.874	0.00359788
790.059	0.00352276
790.243	0.00327369
790.428	0.00360419
790.612	0.00297648
790.797	0.00272494
790.981	0.00298003
791.166	0.00330361
791.35	0.00305645
791.535	0.00288676
791.719	0.00271546
791.904	0.00293516
792.088	0.00269028
792.272	0.0027649
792.457	0.00246537
792.641	0.00278685
792.826	0.00254967
793.01	0.00267775
793.194	0.00245756
793.379	0.00245457
793.563	0.00264172
793.747	0.00285429
793.931	0.00306504
794.116	0.00315831
794.3	0.00323717
794.484	0.00299667
794.668	0.00335193
794.852	0.00376194
795.036	0.0033569
795.221	0.00358078
795.405	0.00335914
795.589	0.00339983
795.773	0.00327046
795.957	0.00280502
796.141	0.00260261
796.325	0.00213039
796.509	0.00259011
796.693	0.00292445
796.877	0.00268988
797.061	0.00346736
797.245	0.00361158
797.429	0.0036599
797.613	0.0032184
797.797	0.00336185
797.981	0.00323757
798.164	0.00337325
798.348	0.00340781
798.532	0.00340777
798.716	0.00349273
798.9	0.00340674
799.084	0.00285094
799.267	0.00271474
799.451	0.0027211
799.635	0.00272078
799.818	0.00317772
800.002	0.00365865
800.186	0.00359571
800.37	0.00421829
800.553	0.00406496
800.737	0.00385879
800.92	0.00388225
801.104	0.00354921
801.288	0.00344536
801.471	0.00362584
801.655	0.00352483
801.838	0.00265181
802.022	0.00260467
802.205	0.00294222
802.389	0.00213601
802.572	0.00177658
802.756	0.00146141
802.939	0.0020887
803.122	0.00220588
803.306	0.001443
803.489	0.0011258
803.673	0.00155779
803.856	0.0024466
804.039	0.00252454
804.223	0.00242578
804.406	0.00284143
804.589	0.00381529
804.772	0.00374702
804.956	0.00355994
805.139	0.00397514
805.322	0.00469827
805.505	0.00481971
805.688	0.00466155
805.872	0.00390094
806.055	0.00404568
806.238	0.00399123
806.421	0.00406743
806.604	0.00320499
806.787	0.0031731
806.97	0.00294381
807.153	0.00397986
807.336	0.0041368
807.519	0.0042834
807.702	0.00436748
807.885	0.00449077
808.068	0.00410346
808.251	0.00395373
808.434	0.00372904
808.617	0.00454944
808.8	0.00457759
808.983	0.00480373
809.166	0.00315077
809.348	0.00289106
809.531	0.0021077
809.714	0.00204198
809.897	0.00193827
810.08	0.00250192
810.262	0.00243787
810.445	0.00237412
810.628	0.00191642
810.81	0.00193432
810.993	0.00182807
811.176	0.00196571
811.359	0.00143047
811.541	0.00196218
811.724	0.00202265
811.906	0.00192256
812.089	0.00117864
812.272	0.00076067
812.454	0.00076724
812.637	0.00051663
812.819	0.00012936
813.002	-0.00016075
813.184	0.00023574
813.367	0.00045472
813.549	0.00062705
813.731	0.00044951
813.914	0.0003063
814.096	0.00034493
814.279	0.0007161
814.461	0.00102165
814.643	0.00129531
814.826	0.00126211
815.008	0.00121108
815.19	0.00200762
815.373	0.00213348
815.555	0.0024881
815.737	0.00283836
815.919	0.00317203
816.102	0.00326152
816.284	0.00330524
816.466	0.00326845
816.648	0.00241322
816.83	0.00304018
817.012	0.00318881
817.195	0.0023808
817.377	0.00277689
817.559	0.00264236
817.741	0.00198836
817.923	0.00173481
818.105	0.00171325
818.287	0.00232737
818.469	0.00250701
818.651	0.00396647
818.833	0.00377949
819.015	0.00394313
819.197	0.00404264
819.379	0.00413088
819.56	0.00382252
819.742	0.00433719
819.924	0.00441352
820.106	0.0038889
820.288	0.00325963
820.47	0.00278585
820.652	0.00216132
820.833	0.00215922
821.015	0.00197122
821.197	0.00128366
821.379	0.00078816
821.56	0.00039307
821.742	-0.00016704
821.924	0.00004528
822.105	0.0010577
822.287	0.00075163
822.469	0.00092921
822.65	0.00055654
822.832	0.00069618
823.013	0.00071278
823.195	0.00031264
823.376	0.00031728
823.558	0.00082244
823.739	0.00147579
823.921	0.00103245
824.102	0.00096488
824.284	0.00193661
824.465	0.00181134
824.647	0.00173418
824.828	0.00176617
825.01	0.00148714
825.191	0.00264817
825.372	0.00251565
825.554	0.00296819
825.735	0.00283611
825.916	0.00285207
826.098	0.00252582
826.279	0.00195729
826.46	0.00201733
826.641	0.00199061
826.823	0.00124838
827.004	0.00178417
827.185	0.00154424
827.366	0.00217207
827.547	0.00177034
827.728	0.00183642
827.91	0.00227848
828.091	0.00237587
828.272	0.00218256
828.453	0.00227536
828.634	0.00294986
828.815	0.00383059
828.996	0.00291194
829.177	0.00371811
829.358	0.00373001
829.539	0.00394464
829.72	0.00442242
829.901	0.00443325
830.082	0.00436704
830.263	0.00504998
830.443	0.00450819
830.624	0.00440734
830.805	0.00343509
830.986	0.0042667
831.167	0.00345058
831.348	0.00314612
831.528	0.00168473
831.709	0.00114359
831.89	0.00104425
832.071	0.00141764
832.251	0.00196759
832.432	0.00208366
832.613	0.00202491
832.793	0.00211724
832.974	0.00185149
833.155	0.00164665
833.335	0.00177381
833.516	0.00359742
833.697	0.00352154
833.877	0.00337599
834.058	0.00279322
834.238	0.00182792
834.419	0.00214956
834.599	0.00232557
834.78	0.00298999
834.96	0.00295384
835.141	0.00267862
835.321	0.00292794
835.501	0.00119419
835.682	0.00210067
835.862	0.0021183
836.043	0.00154101
836.223	0.00196597
836.403	0.00229634
836.584	0.00157594
836.764	0.00126627
836.944	0.00114056
837.124	0.00133399
837.305	0.00144205
837.485	0.00249532
837.665	0.00162794
837.845	0.00155954
838.026	0.00216182
838.206	0.00229286
838.386	0.00188255
838.566	0.00220503
838.746	0.00283737
838.926	0.00404545
839.106	0.00471086
839.286	0.00459572
839.466	0.00402986
839.646	0.00361088
839.826	0.00397427
840.006	0.00427512
840.186	0.00401381
840.366	0.00468072
840.546	0.00434185
840.726	0.00421132
840.906	0.00296837
841.086	0.00293996
841.266	0.00200381
841.446	0.00221854
841.626	0.00297441
841.805	0.00294019
841.985	0.00207836
842.165	0.00216562
842.345	0.00160137
842.525	0.00155052
842.704	0.00073725
842.884	0.00158606
843.064	0.00156846
843.243	0.00189099
843.423	0.00154766
843.603	0.0009259
843.782	0.00124696
843.962	0.00150672
844.142	0.00095023
844.321	0.00152882
844.501	0.0021065
844.68	0.00226261
844.86	0.00194598
845.039	0.00150055
845.219	0.00165715
845.398	0.00187865
845.578	0.00223156
845.757	0.00156737
845.937	0.00215542
846.116	0.00277435
846.296	0.0027398
846.475	0.00252668
846.654	0.00251849
846.834	0.00232044
847.013	0.00324124
847.192	0.00315169
847.372	0.00317174
847.551	0.0031803
847.73	0.00358144
847.909	0.00342455
848.089	0.002834
848.268	0.00246882
848.447	0.00305543
848.626	0.00315218
848.806	0.00361028
848.985	0.00209614
849.164	0.00217865
849.343	0.00210531
849.522	0.00214758
849.701	0.0021119
849.88	0.00134604
850.059	0.00246171
850.238	0.00301665
850.417	0.00258849
850.596	0.00335915
850.775	0.00341904
850.954	0.00423854
851.133	0.00464318
851.312	0.0051929
851.491	0.0051235
851.67	0.00387997
851.849	0.00534452
852.028	0.00432741
852.207	0.00313005
852.385	0.00247878
852.564	0.00161972
852.743	0.00084136
852.922	0.00140208
853.101	0.00152509
853.279	0.0016348
853.458	0.00258492
853.637	0.00347589
853.815	0.00327441
853.994	0.00359373
854.173	0.00462333
854.351	0.00561702
854.53	0.00593796
854.709	0.00536491
854.887	0.00473396
855.066	0.00367196
855.244	0.00322706
855.423	0.00216635
855.601	0.00196425
855.78	0.00138948
855.958	0.00157792
856.137	0.00068588
856.315	-0.00030451
856.494	-0.0005816
856.672	0.00015517
856.851	-0.00066616
857.029	-0.00055671
857.207	-0.00037308
857.386	-0.00038555
857.564	0.00035649
857.743	0.00086701
857.921	-0.00079473
858.099	0.00011148
858.277	0.00072067
858.456	0.00051467
858.634	0.00038574
858.812	0.00195819
858.99	0.00340456
859.169	0.00371016
859.347	0.00464469
859.525	0.00433252
859.703	0.00341163
859.881	0.00509992
860.059	0.00464604
860.237	0.00485538
860.415	0.00491739
860.593	0.00462362
860.772	0.00345273
860.95	0.00275703
861.128	0.0023965
861.306	0.000787
861.484	0.00032072
861.661	0.00030283
861.839	0.00106584
862.017	0.00152232
862.195	0.00203721
862.373	0.00285125
862.551	0.00286232
862.729	0.0020714
862.907	0.00117035
863.085	0.0014747
863.262	0.00244164
863.44	0.00240424
863.618	0.00348273
863.796	0.00165945
863.973	0.00236654
864.151	0.00220637
864.329	0.00156238
864.507	0.00137258
864.684	0.00272816
864.862	0.00376638
865.039	0.00499022
865.217	0.00463046
865.395	0.00438279
865.572	0.00467041
865.75	0.00462332
865.927	0.00454599
866.105	0.00402551
866.282	0.00389944
866.46	0.00413013
866.637	0.00434431
866.815	0.00415821
866.992	0.00299541
867.17	0.00394872
867.347	0.00464142
867.525	0.00407373
867.702	0.00451446
867.879	0.00383962
868.057	0.00348939
868.234	0.00458492
868.411	0.00493423
868.589	0.00410228
868.766	0.00399389
868.943	0.00304571
869.12	0.00249711
869.298	0.00278622
869.475	0.00243244
869.652	0.00230169
869.829	0.00144462
870.006	0.00186641
870.184	0.00122794
870.361	0.00082575
870.538	0.00096731
870.715	0.00076634
870.892	0.00088962
871.069	0.00111682
871.246	0.0015032
871.423	0.00107524
871.6	0.0016279
871.777	0.00141937
871.954	0.00117895
872.131	0.00193947
872.308	0.00184287
872.485	0.0018726
872.662	0.00215453
872.839	0.00237248
873.016	0.00212336
873.193	0.0006307
873.369	0.00172813
873.546	0.00103209
873.723	0.00278481
873.9	0.00362156
874.077	0.00273684
874.253	0.00259585
874.43	0.00248106
874.607	0.00258676
874.784	0.00291586
874.96	0.00243136
875.137	0.003534
875.314	0.00192263
875.49	0.00280346
875.667	0.0009372
875.843	0.00168306
876.02	0.00062991
876.197	0.00057049
876.373	0.00172939
876.55	0.00076124
876.726	0.00100529
876.903	0.00110233
877.079	0.00080808
877.256	0.00148854
877.432	0.0010354
877.609	0.00217551
877.785	0.00080417
877.961	0.00239574
878.138	0.00315133
878.314	0.00214519
878.491	0.00280903
878.667	0.0024708
878.843	0.00239903
879.02	0.00300644
879.196	0.00377782
879.372	0.00392538
879.548	0.00264643
879.725	0.0033178
879.901	0.00305352
880.077	0.0041631
880.253	0.00513204
880.429	0.00484641
880.606	0.00541403
880.782	0.00565593
880.958	0.00445373
881.134	0.00453585
881.31	0.00443411
881.486	0.00499814
881.662	0.00446775
881.838	0.00435232
882.014	0.00245214
882.19	0.00330956
882.366	0.00275855
882.542	0.00211546
882.718	0.00108132
882.894	0.00215185
883.07	0.00232717
883.246	0.00315789
883.422	0.00451087
883.598	0.00420295
883.773	0.00496914
883.949	0.00728614
884.125	0.00584829
884.301	0.00564335
884.477	0.0055993
884.652	0.00609387
884.828	0.00642177
885.004	0.004555
885.18	0.00337192
885.355	0.00170908
885.531	0.00239073
885.707	0.00140757
885.882	0.00011251
886.058	-0.00140424
886.234	0.00054029
886.409	0.00045281
886.585	0.00137302
886.76	0.00099717
886.936	0.00129633
887.111	0.00121881
887.287	0.00192456
887.462	0.00055258
887.638	0.00133575
887.813	0.00161584
887.989	0.00263049
888.164	0.00145122
888.34	0.00168152
888.515	0.00148518
888.69	-0.00015042
888.866	0.00049277
889.041	0.00042276
889.217	-0.00012417
889.392	0.00102384
889.567	0.00040602
889.742	-0.00171099
889.918	-0.0033216
890.093	-0.00244027
890.268	-0.00251662
890.443	-0.00215624
890.619	-0.00086176
890.794	0.00050476
890.969	0.00114292
891.144	0.00047845
891.319	-0.00010718
891.494	0.00083408
891.669	0.00136635
891.844	0.00313619
892.02	0.00380184
892.195	0.0045915
892.37	0.00387215
892.545	0.00352851
892.72	0.00272312
892.895	0.00165569
893.07	0.00270773
893.244	0.00341709
893.419	0.00080986
893.594	0.00249646
893.769	0.00278159
893.944	0.00228467
894.119	0.00224885
894.294	0.00204586
894.469	0.00201022
894.643	0.00200328
894.818	0.00278474
894.993	0.00358356
895.168	0.00372515
895.342	0.00565676
895.517	0.00507108
895.692	0.00457993
895.867	0.00310341
896.041	0.00303979
896.216	0.00242707
896.391	0.00423731
896.565	0.00354461
896.74	0.00383092
896.914	0.00314238
897.089	0.00318461
897.263	0.0013839
897.438	0.00095824
897.613	0.00118857
897.787	0.00247187
897.962	0.00185943
898.136	0.00325288
898.31	0.00132309
898.485	0.00175609
898.659	0.0012982
898.834	0.00035001
899.008	-0.00073052
899.182	-0.0001487
899.357	0.00092443
899.531	0.00132438
899.705	0.00168725
899.88	-0.00045567
900.054	-0.00009364
900.228	-0.00042875
900.403	-0.00002875
900.577	-0.00007542
900.751	0.00155772
900.925	0.00323666
901.099	0.00420676
901.274	0.00315749
901.448	0.00008399
901.622	-0.00144385
901.796	0.00070799
901.97	-0.00044603
902.144	0.00124184
902.318	0.00023658
902.492	0.00003726
902.666	-0.00111764
902.84	-0.00096635
903.014	-0.00003914
903.188	-0.00100859
903.362	0.00154648
903.536	0.00282493
903.71	0.00259069
903.884	0.00183592
904.058	0.00194804
904.232	0.00412908
904.406	0.00453575
904.58	0.00414157
904.753	0.00327069
904.927	0.00312065
905.101	0.00478092
905.275	0.00404428
905.448	0.00323597
905.622	0.00438269
905.796	0.00531383
905.97	0.00430557
906.143	0.00227385
906.317	0.00184534
906.491	0.00216437
906.664	0.0028966
906.838	0.0011223
907.012	-0.00045731
907.185	0.0010051
907.359	0.00146443
907.532	-0.00022532
907.706	-0.00100258
907.879	-0.001592
908.053	-0.00024787
908.226	-0.00004219
908.4	-0.00099494
908.573	-0.00108249
908.747	-0.00077332
908.92	0.0007427
909.094	-0.00108391
909.267	-0.00162806
909.44	-0.00056279
909.614	0.00091395
909.787	0.0010535
909.96	-0.00049266
910.134	-0.00184414
910.307	0.00026823
910.48	-0.00160905
910.653	-0.00067244
910.827	0.00000995
911	0.00147288
911.173	0.00187791
911.346	0.00311478
911.52	0.00149567
911.693	0.00296651
911.866	0.00510019
912.039	0.00594925
912.212	0.00579851
912.385	0.0066881
912.558	0.00465261
912.731	0.00503168
912.904	0.00537714
913.077	0.00416199
913.25	0.00305183
913.423	0.00307447
913.596	0.00254996
913.769	0.0006454
913.942	0.00144502
914.115	0.00021964
914.288	0.00002232
914.461	0.00043204
914.634	-0.0030628
914.807	-0.00292865
914.979	-0.00227709
915.152	-0.00082973
915.325	0.00185497
915.498	0.00075185
915.671	0.00055003
915.843	-0.00082008
916.016	0.0015335
916.189	0.00156404
916.361	0.00380564
916.534	0.00704601
916.707	0.0066274
916.879	0.00723752
917.052	0.00626635
917.225	0.00498189
917.397	0.00625822
917.57	0.00417415
917.742	0.00488635
917.915	0.00367308
918.088	0.00422905
918.26	0.00411895
918.433	0.00146251
918.605	0.00232712
918.777	0.00085801
918.95	-0.00123686
919.122	-0.00312938
919.295	-0.00452812
919.467	-0.00105661
919.64	0.00003814
919.812	-0.00053909
919.984	-0.00134318
920.157	-0.00071455
920.329	0.00038345
920.501	-0.00024028
920.673	0.00252251
920.846	0.00409463
921.018	0.0053235
921.19	0.0046386
921.362	0.00570085
921.535	0.0060649
921.707	0.00594108
921.879	0.00453318
922.051	0.00347517
922.223	0.0032368
922.395	0.00158518
922.567	0.00071056
922.74	0.00061608
922.912	0.00164091
923.084	0.00461741
923.256	0.00337487
923.428	0.00173606
923.6	0.00406826
923.772	0.0050369
923.944	0.00468574
924.115	0.0061425
924.287	0.00749985
924.459	0.00737525
924.631	0.00429813
924.803	0.00236837
924.975	0.00094354
925.147	0.00127329
925.319	0.0011732
925.49	0.00167321
925.662	-0.00039152
925.834	-0.00167326
926.006	-0.00036368
926.177	0.00101283
926.349	-0.00012282
926.521	0.00050255
926.693	0.00360832
926.864	0.00363603
927.036	-0.00023226
927.208	0.00321835
927.379	0.0001696
927.551	0.00304514
927.722	0.00208362
927.894	0.00048682
928.065	-0.00063459
928.237	-0.00097187
928.409	0.0016267
928.58	0.0022323
928.752	0.00401971
928.923	0.0077513
929.094	0.00546256
929.266	0.00355274
929.437	0.00419274
929.609	0.00729499
929.78	0.00786059
929.951	0.00730851
930.123	0.00956928
930.294	0.00747404
930.465	0.00550115
930.637	0.0043699
930.808	0.00215361
930.979	0.00236809
931.151	0.00490466
931.322	0.00697435
931.493	0.00831502
931.664	0.00633178
931.835	0.00730915
932.007	0.00624662
932.178	0.00900243
932.349	0.00652915
932.52	0.0050541
932.691	0.00471022
932.862	0.00407071
933.033	0.00291248
933.204	0.00105798
933.375	-0.00312862
933.546	-0.00023741
933.717	-0.00558265
933.888	-0.00688939
934.059	-0.0072889
934.23	-0.00452037
934.401	-0.00361876
934.572	-0.00245765
934.743	0.00190427
934.914	0.00262686
935.085	0.00009266
935.255	0.00177422
935.426	0.00069982
935.597	0.00338134
935.768	0.00660768
935.939	0.00946787
936.109	0.00764803
936.28	0.00824714
936.451	0.00775933
936.622	0.00327871
936.792	0.00456819
936.963	0.00322908
937.134	0.00449082
937.304	0.00661253
937.475	0.01014125
937.646	0.01084341
937.816	0.00506406
937.987	0.00507049
938.157	0.00574711
938.328	0.00484766
938.498	0.00329848
938.669	-0.001513
938.839	-0.00065906
939.01	-0.00027021
939.18	-0.00203662
939.351	-0.00104293
939.521	-0.00542942
939.691	-0.00362116
939.862	-0.00199145
940.032	-0.00501593
940.203	-0.00269083
940.373	-0.00382253
940.543	0.00092654
940.714	0.00099121
940.884	0.00095171
941.054	-0.0016759
941.224	-0.00720077
941.395	-0.00219377
941.565	-0.00026553
941.735	0.00191786
941.905	0.00581605
942.075	0.00620826
942.246	0.00980696
942.416	0.00979503
942.586	0.01190865
942.756	0.01211646
942.926	0.01170249
943.096	0.01186674
943.266	0.00864653
943.436	0.00323607
943.606	0.0022845
943.776	-0.00116223
943.946	-0.00194044
944.116	-0.00425188
944.286	-0.00533386
944.456	-0.00694433
944.626	-0.00799109
944.796	-0.00495573
944.966	-0.0037038
945.136	-0.00321051
945.305	0.00145203
945.475	-0.00012351
945.645	0.00195305
945.815	0.00536143
945.985	0.00778955
946.154	0.0094894
946.324	0.01215976
946.494	0.01485058
946.664	0.01231505
946.833	0.01094596
947.003	0.01237142
947.173	0.0092054
947.342	0.00461948
947.512	0.00497066
947.682	0.00327447
947.851	0.00017934
948.021	-0.00341272
948.19	-0.00906099
948.36	-0.01308945
948.529	-0.01132635
948.699	-0.00947022
948.868	-0.00814547
949.038	-0.00591456
949.207	-0.00032279
949.377	-0.00354284
949.546	-0.00543448
949.716	-0.00457171
949.885	-0.00505711
950.054	-0.00063172
950.224	0.00137068
950.393	0.00239501
950.562	0.00287666
950.732	-0.00253603
950.901	-0.00053294
951.07	-0.00275235
951.239	-0.00138612
951.409	-0.00219238
951.578	-0.00140135
951.747	0.00063027
951.916	0.00227658
952.086	0.00072301
952.255	-0.00076017
952.424	-0.00240254
952.593	0.00008563
952.762	0.00079533
952.931	0.00555194
953.1	0.00617753
953.269	0.00683202
953.438	0.00480081
953.607	0.0090533
953.776	0.00596682
953.945	0.00320102
954.114	0.00370848
954.283	0.00891068
954.452	0.00817158
954.621	0.0061459
954.79	-0.00201496
954.959	-0.00396188
955.128	0.00128083
955.297	0.00344794
955.465	0.00283409
955.634	0.00148822
955.803	0.00111485
955.972	-0.00440029
956.141	-0.0096775
956.309	-0.0065063
956.478	-0.00318253
956.647	-0.00078519
956.816	-0.00190481
956.984	-0.00392364
957.153	-0.00549157
957.322	-0.00405146
957.49	-0.00033688
957.659	0.00445612
957.827	0.00721245
957.996	0.00985766
958.165	0.00064411
958.333	-0.00410106
958.502	-0.0011737
958.67	-0.00380829
958.839	-0.00115
959.007	-0.00161146
959.176	-0.00521347
959.344	-0.00618781
959.512	-0.01074356
959.681	-0.01004291
959.849	-0.00608991
960.018	-0.00018256
960.186	-0.00339885
960.354	-0.00242625
960.523	0.00159783
960.691	-0.00795996
960.859	0.00018063
961.028	0.00091797
961.196	0.00236315
961.364	0.00831982
961.532	0.01020007
961.701	0.00314508
961.869	0.00380557
962.037	0.01569764
962.205	0.0113375
962.373	0.01694208
962.541	0.01624522
962.709	0.01258659
962.878	0.0177797
963.046	0.02182175
963.214	0.02095609
963.382	0.02324332
963.55	0.02281806
963.718	0.0249855
963.886	0.01437812
964.054	0.02071119
964.222	0.01627704
964.39	0.02392701
964.558	0.02768862
964.725	0.02546462
964.893	0.0160739
965.061	0.01639485
965.229	0.01848835
965.397	0.01870615
965.565	0.01775104
965.733	0.02485494
965.9	0.01678855
966.068	0.01019485
966.236	0.00692587
966.404	-0.00327265
966.571	-0.01395586
966.739	-0.01070959
966.907	-0.01351002
967.074	-0.01172936
967.242	-0.00354524
967.41	-0.00954518
967.577	-0.01468432
967.745	-0.00647013
967.913	0.00542918
968.08	0.01482632
968.248	0.02012777
968.415	0.02932181
968.583	0.02938424
968.75	0.03340754
968.918	0.02803653
969.085	0.02266559
969.253	0.02394531
969.42	0.03801065
969.587	0.03222394
969.755	0.0257507
969.922	0.01130784
970.09	0.00908452
970.257	0.00053288
970.424	-0.00015075
970.592	-0.00558786
970.759	-0.00695334
970.926	-0.00573956
971.093	-0.00098513
971.261	-0.01498234
971.428	-0.01714526
971.595	-0.02236544
971.762	-0.01204681
971.93	-0.00587805
972.097	-0.00505518
972.264	-0.0107172
972.431	-0.00490301
972.598	-0.01463681
972.765	-0.01428923
972.932	-0.01805287
973.099	-0.0187888
973.266	-0.01547816
973.433	-0.00633836
973.6	-0.01410804
973.767	-0.01013881
973.934	-0.00929659
974.101	-0.00181319
974.268	-0.01066504
974.435	0.00010337
974.602	0.00048203
974.769	0.00124412
974.936	-0.00131362
975.103	0.00592223
975.27	0.00412567
975.436	0.01046452
975.603	0.00497125
975.77	0.0060706
975.937	0.00921051
976.104	0.0206922
976.27	0.01951494
976.437	0.01849438
976.604	0.0076172
976.77	0.01018526
976.937	0.01291566
977.104	0.01094542
977.27	0.00396865
977.437	0.00321209
977.604	0.00221264
977.77	-0.00102937
977.937	-0.01128557
978.103	-0.01179327
978.27	-0.0148577
978.436	-0.0106625
978.603	-0.01653278
978.769	-0.02118461
978.936	-0.01197026
979.102	-0.00540468
979.269	-0.00353952
979.435	0.00062678
979.602	-0.00325398
979.768	0.0122529
979.934	0.01396262
980.101	0.01440736
980.267	0.02846779
980.433	0.0386507
980.6	0.04183265
980.766	0.0354893
980.932	0.03135842
981.099	0.03072848
981.265	0.02736708
981.431	0.03353748
981.597	0.01146361
981.763	0.01797604
981.93	0.02526988
982.096	0.02564378
982.262	0.02467324
982.428	0.01798928
982.594	-0.00078764
982.76	0.00113446
982.926	-0.00165124
983.092	0.00760496
983.258	0.0114536
983.424	0.0205964
983.59	0.01011823
983.756	0.01264666
983.922	0.00683779
984.088	0.00283142
984.254	0.00456374
984.42	0.00727323
984.586	-0.00015747
984.752	0.0024224
984.918	-0.00275063
985.084	-0.00930986
985.249	-0.01064116
985.415	0.00888191
985.581	0.00759808
985.747	-0.00871966
985.913	-0.00840406
986.078	-0.01889058
986.244	0.00463355
986.41	0.01382564
986.575	0.01616637
986.741	0.01877125
986.907	0.02545731
987.072	0.02526852
987.238	0.01507101
987.404	0.0043061
987.569	0.02714201
987.735	0.03315291
987.9	0.04176935
988.066	0.02041325
988.231	0.01605856
988.397	0.0167292
988.562	0.01962989
988.728	0.00413984
988.893	0.01036883
989.059	0.01190285
989.224	0.0158565
989.39	0.01548542
989.555	0.01374834
989.72	0.0152257
989.886	0.0251598
990.051	0.03936906
990.216	0.03136179
990.382	0.03732458
990.547	0.03963988
990.712	0.03546674
990.878	0.01563692
991.043	0.01061487
991.208	0.00974926
991.373	0.01347625
991.538	0.00855487
991.704	0.00410356
991.869	-0.00337712
992.034	-0.00718661
992.199	-0.02383232
992.364	-0.00689492
992.529	-0.0037976
992.694	0.00270846
992.859	0.0068013
993.024	0.02043704
993.189	0.0212354
993.354	0.03781471
993.519	0.04453579
993.684	0.03023201
993.849	0.04015184
994.014	0.03909596
994.179	0.01684593
994.344	0.02323018
994.509	0.05351433
994.674	0.04497168
994.839	0.0210522
995.004	0.01997513
995.168	0.0106745
995.333	0.01210044
995.498	0.00580231
995.663	-0.01478951
995.827	-0.00414463
995.992	0.0062819
996.157	-0.0130355
996.322	-0.04071567
996.486	-0.02768026
996.651	-0.0205641
996.816	-0.03381737
996.98	-0.04406975
997.145	-0.03411628
997.309	-0.02078418
997.474	0.00010867
997.639	-0.00986479
997.803	0.00702891
997.968	0.00369236
998.132	0.00721835
998.297	0.02414688
998.461	0.03474672
998.626	0.05632179
998.79	0.09399385
998.954	0.0729202
999.119	0.06652288
999.283	0.06294073
999.448	0.06937659
999.612	0.063415
999.776	0.06930029
999.941	0.08405998
1000.105	0.06489082
1000.269	0.04810414
1000.434	0.03399471
1000.598	-0.00547351
1000.762	-0.00324001
1000.926	0.01418682
1001.091	-0.00274204
1001.255	0.00122162
1001.419	-0.0134563
1001.583	0.00702927
1001.747	0.02731167
1001.911	0.02477988
1002.075	0.01367279
1002.24	0.01387778
1002.404	0.01899222
1002.568	0.02163552
1002.732	0.0355463
1002.896	0.05088952
1003.06	0.06239139
1003.224	0.06006706
1003.388	0.06460828
1003.552	0.0185002
1003.716	0.02005372
1003.88	0.02021702
1004.043	0.02166445
1004.207	0.00817511
1004.371	0.02823911
1004.535	0.00124353
1004.699	0.0078351
1004.863	-0.00638453
1005.026	-0.00033242
1005.19	-0.01923782
1005.354	-0.02857992
1005.518	-0.01489433
1005.682	-0.01398642
1005.845	-0.04345753
1006.009	-0.01311597
1006.173	-0.01167199
1006.336	-0.02578728
1006.5	-0.04142246
1006.664	-0.0680464
1006.827	-0.05919965
1006.991	-0.06445516
1007.154	-0.04760053
1007.318	-0.04956845
1007.482	-0.04570509
1007.645	-0.02263863
1007.809	-0.04038571
1007.972	-0.05123559
1008.136	-0.01569881
1008.299	0.00517704
1008.462	0.00855603
1008.626	0.00391969
1008.789	0.01293732
1008.953	0.0035892
1009.116	0.01414832
1009.279	0.02996044
1009.443	0.05285081
1009.606	0.05030085
1009.769	0.05916975
1009.933	0.04738555
1010.096	0.05526101
1010.259	0.09382234
1010.423	0.09374909
1010.586	0.11073543
1010.749	0.15110871
1010.912	0.12459551
1011.075	0.12227871
1011.239	0.10638063
1011.402	0.12021044
1011.565	0.14779704
1011.728	0.10071381
1011.891	0.07715279
1012.054	0.04786941
1012.217	0.04758345
1012.38	0.00869617
1012.543	0.00220169
1012.706	-0.01067555
1012.869	0.00536298
1013.032	0.01962563
1013.195	0.00686033
1013.358	-0.04574936
1013.521	0.03364897
1013.684	0.03497862
1013.847	0.01596843
1014.01	0.03420745
1014.173	0.05488501
1014.335	0.01754342
1014.498	0.03452822
1014.661	-0.00953011
1014.824	-0.04549112
1014.987	-0.01316471
1015.149	-0.01032055
1015.312	-0.00413246
1015.475	0.00718263
1015.638	0.03833508
1015.8	-0.00128359
1015.963	-0.0204566
1016.126	-0.02583608
1016.288	0.02928999
1016.451	0.10003789
1016.613	0.12869075
1016.776	0.11746714
1016.939	0.11681264
1017.101	0.04054741
1017.264	0.05058741
1017.426	0.07898914
1017.589	0.06624923
1017.751	0.04362383
1017.914	0.06800878
1018.076	0.03077972
1018.238	-0.00144047
1018.401	-0.0291011
1018.563	-0.05877737
1018.726	-0.00544727
1018.888	0.00742129
1019.05	-0.0357127
1019.213	-0.05828839
1019.375	0.02841419
1019.537	0.08319269
1019.7	0.06461165
1019.862	0.03716762
1020.024	0.02846163
1020.186	0.06134345
1020.349	0.08892662
1020.511	0.016364
1020.673	0.02526414
1020.835	0.07654039
1020.997	0.03225172
1021.159	-0.03854805
1021.322	-0.10100652
1021.484	-0.09410185
1021.646	-0.06530371
1021.808	-0.08423025
1021.97	-0.09806433
1022.132	-0.14065493
1022.294	-0.08234699
1022.456	-0.03450632
1022.618	-0.02619206
1022.78	0.05853723
1022.942	0.07460254
1023.104	0.09690672
1023.266	0.04779807
1023.427	-0.0021869
1023.589	0.01592264
1023.751	0.06814191
1023.913	0.06105556
1024.075	0.03446099
1024.237	-0.01422395
1024.398	-0.04433268
1024.56	-0.08107083
1024.722	-0.13726945
1024.884	-0.07470768
1025.045	-0.0378967
1025.207	0.02666564
1025.369	-0.00084648
1025.531	-0.06615546
1025.692	-0.01794758
1025.854	0.00241896
1026.015	-0.00609653
1026.177	-0.02096417
1026.339	-0.05228968
1026.5	0.04303299
1026.662	0.06416354
1026.823	0.0538207
1026.985	-0.01732872
1027.146	-0.05450855
1027.308	-0.03481622
1027.469	-0.05207419
1027.631	-0.05355608
1027.792	-0.0240945
1027.954	-0.06969965
1028.115	-0.0203245
1028.276	-0.07975306
1028.438	-0.10203811
1028.599	-0.05732418
1028.761	0.0111376
1028.922	0.02048342
1029.083	-0.03305473
1029.244	0.04846052
1029.406	0.04476862
1029.567	0.01728192
1029.728	0.07896459
1029.889	0.07672525
1030.051	0.11854297
1030.212	0.04673153
1030.373	-0.02099664
1030.534	-0.03129797
1030.695	0.05158779
1030.856	0.10869421
1031.017	0.10441273
1031.179	0.04414878
1031.34	0.05811554
1031.501	0.03535106
1031.662	0.04403551
1031.823	0.01629857
1031.984	0.10594311
1032.145	0.24913
1032.306	0.2446623
1032.467	0.31835229
1032.628	0.38465449
1032.788	0.39203572
1032.949	0.478647
1033.11	0.45243548
1033.271	0.46201128
1033.432	0.61603109
1033.593	0.59928153
1033.754	0.48302575
1033.914	0.42786786
1034.075	0.32839911
1034.236	0.25224761
1034.397	0.18952866
1034.557	0.17697648
1034.718	0.23758964
1034.879	0.28104695
1035.039	0.35992617
1035.2	0.13870006
1035.361	0.11843147
1035.521	0.20952748
1035.682	0.25042761
1035.843	0.29829243
1036.003	0.31128139
1036.164	0.31568325
1036.324	0.09371298
1036.485	-0.10586675
1036.645	-0.19828804
1036.806	-0.35570025
1036.966	-0.36904625
1037.127	-0.32701952
1037.287	-0.39056703
1037.448	-0.52686499
1037.608	-0.57073399
