340.712	-0
340.934	-0
341.155	-0
341.377	-0
341.598	-0
341.82	-0
342.041	-0
342.263	-0
342.484	-0
342.706	-0
342.927	-0
343.149	0
343.37	0
343.592	0
343.813	0
344.034	0
344.256	0
344.477	0
344.699	0
344.92	0
345.141	0
345.362	0
345.584	0
345.805	0
346.026	0
346.247	0
346.469	0
346.69	0
346.911	0
347.132	0
347.353	0
347.574	0
347.796	0
348.017	0
348.238	0
348.459	0
348.68	0
348.901	0
349.122	0
349.343	0
349.564	0
349.785	0
350.006	0.00886637
350.227	0.00896495
350.448	0.00732029
350.668	0.00611951
350.889	0.00511206
351.11	0.00430209
351.331	0.00487867
351.552	0.00444724
351.773	0.00570898
351.993	0.00597892
352.214	0.00582363
352.435	0.00514474
352.656	0.00401844
352.876	0.00390116
353.097	0.00424528
353.318	0.00442388
353.538	0.00529027
353.759	0.00601561
353.98	0.00553486
354.2	0.00375864
354.421	0.00367101
354.642	0.0028985
354.862	0.0022322
355.083	0.00302718
355.303	0.00304624
355.524	0.00227341
355.744	0.00208459
355.965	0.00185393
356.185	0.00020129
356.406	0.00139086
356.626	0.00205102
356.847	0.00196415
357.067	0.00319136
357.287	0.00369441
357.508	0.00313746
357.728	0.00320151
357.948	0.00378047
358.169	0.00445136
358.389	0.00502814
358.609	0.00580312
358.83	0.00399812
359.05	0.00457262
359.27	0.00428463
359.49	0.00347157
359.711	0.00468585
359.931	0.00382033
360.151	0.00409137
360.371	0.00355365
360.591	0.00364507
360.811	0.00358507
361.031	0.00203346
361.251	0.00476392
361.472	0.00435568
361.692	0.00462529
361.912	0.00526034
362.132	0.00390262
362.352	0.00603014
362.572	0.00560426
362.792	0.00715838
363.012	0.00779561
363.232	0.00730162
363.451	0.0071267
363.671	0.00533158
363.891	0.00523792
364.111	0.00491005
364.331	0.00578821
364.551	0.00666825
364.771	0.00526721
364.99	0.0054121
365.21	0.00440711
365.43	0.00422251
365.65	0.0046416
365.869	0.00651298
366.089	0.00708973
366.309	0.00758733
366.529	0.00642723
366.748	0.00578811
366.968	0.00435713
367.188	0.00458602
367.407	0.00480157
367.627	0.00557597
367.846	0.00433053
368.066	0.00439419
368.286	0.00389197
368.505	0.00431025
368.725	0.00430456
368.944	0.00482943
369.164	0.0043559
369.383	0.00370867
369.602	0.0030066
369.822	0.00372163
370.041	0.00353122
370.261	0.00267776
370.48	0.00256519
370.7	0.00253984
370.919	0.00214357
371.138	0.00211515
371.358	0.00277535
371.577	0.00138145
371.796	0.00312272
372.015	0.00495698
372.235	0.00487974
372.454	0.0042838
372.673	0.00499478
372.892	0.00443172
373.112	0.00374215
373.331	0.00418232
373.55	0.00376897
373.769	0.00405001
373.988	0.00516853
374.207	0.00382778
374.426	-0.00298132
374.645	-0.00336866
374.864	-0.00341172
375.083	-0.00290221
375.302	-0.00291588
375.521	-0.0022493
375.74	-0.0024845
375.959	-0.00316569
376.178	-0.00398985
376.397	-0.00380271
376.616	-0.00219716
376.835	0.00471147
377.054	0.00549309
377.273	0.00693356
377.492	0.00711105
377.711	0.00702353
377.929	0.00683791
378.148	0.00621268
378.367	0.00569502
378.586	0.00713216
378.805	0.00822961
379.023	0.00825061
379.242	0.00749869
379.461	0.00635524
379.679	0.00505885
379.898	0.00436021
380.117	0.00562001
380.335	0.00621705
380.554	0.00633529
380.773	0.00713152
380.991	0.00613923
381.21	0.00525561
381.428	0.00524901
381.647	0.0044036
381.865	0.00470209
382.084	0.00445787
382.302	0.00397458
382.521	0.00282683
382.739	0.00175397
382.958	0.00198312
383.176	0.00300477
383.395	0.00353834
383.613	0.00251589
383.831	0.00236907
384.05	0.00278971
384.268	0.00275741
384.486	0.00207909
384.705	0.00184507
384.923	0.00231453
385.141	0.00235404
385.359	0.00357475
385.578	0.00315791
385.796	0.00190949
386.014	0.00210702
386.232	0.001469
386.45	0.00137599
386.669	0.00171959
386.887	0.00294558
387.105	0.0045602
387.323	0.00435667
387.541	0.00492747
387.759	0.00413476
387.977	0.0042137
388.195	0.0050554
388.413	0.00586784
388.631	0.00587444
388.849	0.00571062
389.067	0.00509822
389.285	0.00493232
389.503	0.00531782
389.721	0.0053781
389.939	0.00535189
390.157	0.00602141
390.375	0.00601002
390.593	0.00551797
390.81	0.00457377
391.028	0.00601875
391.246	0.00663584
391.464	0.00708318
391.682	0.00604549
391.899	0.00521657
392.117	0.00529731
392.335	0.00573759
392.552	0.0037828
392.77	0.00357465
392.988	0.00361151
393.205	0.00423151
393.423	0.0035546
393.641	0.00300276
393.858	0.00283443
394.076	0.00404252
394.293	0.00378494
394.511	0.00401882
394.729	0.00399815
394.946	0.00500327
395.164	0.00473369
395.381	0.00449427
395.599	0.00488461
395.816	0.00470015
396.033	0.00584254
396.251	0.0056633
396.468	0.00533334
396.686	0.00470549
396.903	0.00470463
397.12	0.00474755
397.338	0.00475499
397.555	0.00410498
397.772	0.00453695
397.99	0.00433537
398.207	0.00344632
398.424	0.0033225
398.641	0.00392908
398.859	0.00454688
399.076	0.00605123
399.293	0.00548457
399.51	0.00555625
399.727	0.00626908
399.944	0.00837991
400.162	0.00927453
400.379	0.00976948
400.596	0.01121512
400.813	0.01119821
401.03	0.01116627
401.247	0.01086336
401.464	0.01133823
401.681	0.01114122
401.898	0.01151201
402.115	0.01071517
402.332	0.01028094
402.549	0.01047576
402.766	0.01056939
402.983	0.00977316
403.199	0.0100145
403.416	0.00952736
403.633	0.00938947
403.85	0.00855209
404.067	0.01076914
404.284	0.01015663
404.5	0.01124737
404.717	0.01021094
404.934	0.00999574
405.151	0.01078773
405.367	0.01173026
405.584	0.01209908
405.801	0.01296251
406.017	0.01363285
406.234	0.0138702
406.451	0.01238048
406.667	0.0134667
406.884	0.01323625
407.101	0.01475178
407.317	0.01531398
407.534	0.015132
407.75	0.01490794
407.967	0.01478196
408.183	0.01481791
408.4	0.014838
408.616	0.01548583
408.833	0.0160039
409.049	0.01519213
409.265	0.01512541
409.482	0.01519678
409.698	0.01434116
409.915	0.01407838
410.131	0.01481972
410.347	0.01519823
410.564	0.01571747
410.78	0.01605598
410.996	0.01572318
411.212	0.01568447
411.429	0.01602075
411.645	0.01621727
411.861	0.01645996
412.077	0.01850157
412.294	0.01894556
412.51	0.01903048
412.726	0.01827742
412.942	0.01739714
413.158	0.01666934
413.374	0.01659128
413.59	0.01666687
413.806	0.01746551
414.022	0.01778903
414.238	0.01668287
414.455	0.0162728
414.671	0.01553724
414.886	0.01532688
415.102	0.01506053
415.318	0.01577334
415.534	0.01671497
415.75	0.0163827
415.966	0.01670721
416.182	0.01651616
416.398	0.01615358
416.614	0.01716935
416.83	0.01658614
417.045	0.0173886
417.261	0.01731013
417.477	0.0181304
417.693	0.01841663
417.909	0.0180628
418.124	0.0189727
418.34	0.0189329
418.556	0.01891529
418.771	0.01891696
418.987	0.01936166
419.203	0.01983289
419.418	0.02019977
419.634	0.02055927
419.85	0.02174414
420.065	0.02136973
420.281	0.02176745
420.496	0.02327533
420.712	0.0246709
420.927	0.02493699
421.143	0.02617063
421.358	0.02718058
421.574	0.02757499
421.789	0.02839187
422.005	0.02883369
422.22	0.02940049
422.435	0.03132974
422.651	0.03221428
422.866	0.03249714
423.082	0.03213831
423.297	0.03347345
423.512	0.03482726
423.727	0.03553122
423.943	0.03727178
424.158	0.03770629
424.373	0.03950843
424.589	0.04100455
424.804	0.04220907
425.019	0.04296173
425.234	0.04459863
425.449	0.04753145
425.664	0.04820761
425.88	0.0490295
426.095	0.05039646
426.31	0.05183584
426.525	0.0540461
426.74	0.05509138
426.955	0.05642861
427.17	0.05802669
427.385	0.06103537
427.6	0.06130545
427.815	0.06202903
428.03	0.06413289
428.245	0.06603898
428.46	0.06791336
428.675	0.06898298
428.89	0.07119832
429.105	0.07373858
429.319	0.07613915
429.534	0.07862084
429.749	0.08094607
429.964	0.08387384
430.179	0.08641815
430.394	0.08978203
430.608	0.09240545
430.823	0.09451673
431.038	0.09865562
431.252	0.10150915
431.467	0.10466512
431.682	0.10797414
431.897	0.11079486
432.111	0.11334961
432.326	0.11740188
432.54	0.12032563
432.755	0.12292887
432.97	0.12695884
433.184	0.13136528
433.399	0.13453538
433.613	0.13789779
433.828	0.14184772
434.042	0.14566898
434.257	0.14913124
434.471	0.15409847
434.686	0.15847916
434.9	0.16368827
435.114	0.16873648
435.329	0.17381887
435.543	0.17886282
435.758	0.18374289
435.972	0.18898981
436.186	0.19384209
436.401	0.19950636
436.615	0.20594969
436.829	0.21160764
437.043	0.21719979
437.258	0.22264461
437.472	0.22941303
437.686	0.2353365
437.9	0.24066539
438.115	0.24694544
438.329	0.25324469
438.543	0.25999222
438.757	0.26543134
438.971	0.27193301
439.185	0.27877504
439.399	0.28550068
439.613	0.29237805
439.827	0.29978102
440.041	0.3065879
440.255	0.31448374
440.469	0.3224031
440.683	0.33024076
440.897	0.33869976
441.111	0.34867454
441.325	0.35646721
441.539	0.36415577
441.753	0.37367976
441.967	0.3834369
442.181	0.39244579
442.395	0.40290008
442.609	0.41043057
442.822	0.41972684
443.036	0.42904713
443.25	0.43809966
443.464	0.44618478
443.677	0.4573593
443.891	0.46789088
444.105	0.47594631
444.319	0.48598816
444.532	0.49443121
444.746	0.50337181
444.96	0.51425465
445.173	0.52408187
445.387	0.53333052
445.6	0.54372354
445.814	0.55459705
446.028	0.56456095
446.241	0.57448874
446.455	0.58622488
446.668	0.59559781
446.882	0.60785231
447.095	0.61896487
447.309	0.63026084
447.522	0.63974369
447.735	0.65140397
447.949	0.66457542
448.162	0.67396731
448.376	0.68512581
448.589	0.69598296
448.802	0.70769166
449.016	0.7181288
449.229	0.72854092
449.442	0.74023765
449.656	0.75258223
449.869	0.76496347
450.082	0.77899849
450.295	0.78822959
450.508	0.80088853
450.722	0.8110221
450.935	0.82545033
451.148	0.83703201
451.361	0.84917857
451.574	0.86100938
451.787	0.87493191
452.001	0.88701356
452.214	0.90157248
452.427	0.91151013
452.64	0.92476579
452.853	0.93914376
453.066	0.95481257
453.279	0.96556471
453.492	0.9792521
453.705	0.99449976
453.918	1.00871169
454.131	1.02077722
454.343	1.03573837
454.556	1.04753946
454.769	1.06163755
454.982	1.07412471
455.195	1.08747577
455.408	1.09950656
455.621	1.11465649
455.833	1.12735881
456.046	1.1409449
456.259	1.15434067
456.472	1.16577178
456.684	1.17790207
456.897	1.19033929
457.11	1.20485898
457.322	1.22108087
457.535	1.23379584
457.748	1.24711318
457.96	1.25945944
458.173	1.27384808
458.386	1.28889115
458.598	1.30059749
458.811	1.31387451
459.023	1.32786666
459.236	1.3406786
459.448	1.351932
459.661	1.36278495
459.873	1.37527763
460.086	1.38977456
460.298	1.40335561
460.511	1.40997166
460.723	1.42321685
460.935	1.43628435
461.148	1.44868016
461.36	1.45753534
461.573	1.46915678
461.785	1.48185575
461.997	1.4951973
462.209	1.5050398
462.422	1.51523477
462.634	1.52377784
462.846	1.54042512
463.058	1.54824467
463.271	1.55818122
463.483	1.5680978
463.695	1.58171796
463.907	1.59406467
464.119	1.60332105
464.331	1.61301596
464.544	1.62789909
464.756	1.6429572
464.968	1.65514908
465.18	1.66333825
465.392	1.67367488
465.604	1.6851143
465.816	1.69584921
466.028	1.70486898
466.24	1.7184786
466.452	1.72855367
466.664	1.73827119
466.876	1.74695186
467.088	1.75066582
467.3	1.75901192
467.511	1.77038674
467.723	1.78095377
467.935	1.79456989
468.147	1.80488538
468.359	1.81490872
468.571	1.82376298
468.782	1.83309391
468.994	1.84072982
469.206	1.84783542
469.418	1.86009827
469.629	1.86988185
469.841	1.88035713
470.053	1.88800929
470.264	1.89088619
470.476	1.89964734
470.688	1.90855942
470.899	1.91088108
471.111	1.91874681
471.322	1.92447199
471.534	1.93192546
471.745	1.93718235
471.957	1.94459217
472.168	1.95020125
472.38	1.95450933
472.591	1.96662293
472.803	1.96971188
473.014	1.97270215
473.226	1.98105122
473.437	1.98829518
473.649	1.99724652
473.86	2.000306
474.071	2.00654674
474.283	2.01051408
474.494	2.01428991
474.705	2.02013808
474.917	2.02236505
475.128	2.03081468
475.339	2.03603792
475.55	2.04332512
475.762	2.04636504
475.973	2.04886932
476.184	2.05786709
476.395	2.06002259
476.606	2.06371853
476.817	2.06910284
477.029	2.06972558
477.24	2.07373398
477.451	2.07622901
477.662	2.08071793
477.873	2.0816782
478.084	2.08308088
478.295	2.0842796
478.506	2.08282349
478.717	2.08434877
478.928	2.08687514
479.139	2.08554375
479.35	2.0910155
479.561	2.09132495
479.772	2.09204234
479.982	2.09344562
480.193	2.09328728
480.404	2.09881845
480.615	2.10064066
480.826	2.10267026
481.037	2.10291733
481.247	2.10462083
481.458	2.10657398
481.669	2.10746543
481.88	2.10679844
482.09	2.10775615
482.301	2.108233
482.512	2.10968313
482.723	2.10674292
482.933	2.10632523
483.144	2.10605381
483.354	2.10752484
483.565	2.10815356
483.776	2.10937567
483.986	2.10647758
484.197	2.10701641
484.407	2.10648006
484.618	2.10689353
484.828	2.10570346
485.039	2.10544763
485.249	2.10424402
485.46	2.10416098
485.67	2.10439921
485.881	2.10303652
486.091	2.10072519
486.301	2.09904733
486.512	2.09945645
486.722	2.10134779
486.932	2.10006793
487.143	2.09967396
487.353	2.10035068
487.563	2.09898106
487.774	2.09759332
487.984	2.09525244
488.194	2.09200689
488.404	2.08911244
488.615	2.08929298
488.825	2.08682735
489.035	2.08313683
489.245	2.08049028
489.455	2.07922243
489.665	2.07666843
489.875	2.0758457
490.086	2.07216402
490.296	2.07138469
490.506	2.06982482
490.716	2.06951264
490.926	2.06669734
491.136	2.06487322
491.346	2.06120016
491.556	2.05752734
491.766	2.05268635
491.976	2.05048345
492.186	2.04785655
492.395	2.04648954
492.605	2.04517134
492.815	2.04226453
493.025	2.0403246
493.235	2.03918244
493.445	2.03813283
493.655	2.03433807
493.864	2.03453113
494.074	2.03340365
494.284	2.02983548
494.494	2.02738473
494.703	2.02519269
494.913	2.02132571
495.123	2.01868064
495.332	2.0153872
495.542	2.01254116
495.752	2.00765554
495.961	2.00656912
496.171	2.0017379
496.38	1.9980694
496.59	1.99403866
496.8	1.99126526
497.009	1.98906152
497.219	1.98552986
497.428	1.98464176
497.638	1.98156076
497.847	1.97849307
498.057	1.97599428
498.266	1.9739997
498.475	1.97054998
498.685	1.9683541
498.894	1.96633761
499.104	1.96348388
499.313	1.96084858
499.522	1.95877314
499.732	1.95397185
499.941	1.95042825
500.15	1.94908486
500.359	1.94664677
500.569	1.94442181
500.778	1.94247209
500.987	1.94041377
501.196	1.93816858
501.406	1.9364783
501.615	1.93130212
501.824	1.92727322
502.033	1.92566086
502.242	1.92533616
502.451	1.91957805
502.66	1.9150313
502.869	1.90970117
503.078	1.90553965
503.287	1.89958041
503.496	1.89648649
503.705	1.89171813
503.914	1.89058728
504.123	1.88761368
504.332	1.88275836
504.541	1.87670939
504.75	1.87375348
504.959	1.87214127
505.168	1.86845977
505.377	1.86562643
505.586	1.86169972
505.795	1.85665145
506.003	1.85329587
506.212	1.84951887
506.421	1.84519335
506.63	1.84235967
506.838	1.83996144
507.047	1.83767578
507.256	1.83264084
507.465	1.82878915
507.673	1.82642112
507.882	1.82411725
508.091	1.82170875
508.299	1.81793682
508.508	1.81266972
508.716	1.80962435
508.925	1.80495543
509.134	1.79901533
509.342	1.79400381
509.551	1.79001793
509.759	1.78814273
509.968	1.78250554
510.176	1.77876843
510.385	1.77407676
510.593	1.76918582
510.802	1.7655257
511.01	1.76082619
511.218	1.75562759
511.427	1.75243126
511.635	1.74793446
511.843	1.74315175
512.052	1.73620305
512.26	1.73319291
512.468	1.72894102
512.677	1.72373994
512.885	1.7194539
513.093	1.71401781
513.301	1.7080387
513.51	1.70530245
513.718	1.70107554
513.926	1.69688668
514.134	1.69206893
514.342	1.68813993
514.55	1.68332306
514.759	1.67929826
514.967	1.67592554
515.175	1.67336826
515.383	1.67077158
515.591	1.66722414
515.799	1.66144646
516.007	1.65595389
516.215	1.65180923
516.423	1.64747684
516.631	1.64203766
516.839	1.63571193
517.047	1.62917979
517.255	1.62259122
517.463	1.61574712
517.67	1.60928197
517.878	1.60384139
518.086	1.5992333
518.294	1.59465606
518.502	1.58899499
518.71	1.58307597
518.917	1.5788503
519.125	1.57315094
519.333	1.56756407
519.541	1.56219827
519.748	1.55642221
519.956	1.55129864
520.164	1.54525201
520.371	1.53940935
520.579	1.53313681
520.787	1.52674678
520.994	1.52155119
521.202	1.51505884
521.409	1.51004204
521.617	1.50582571
521.825	1.50136838
522.032	1.49823882
522.24	1.49335889
522.447	1.48981281
522.655	1.48530537
522.862	1.48162542
523.069	1.47776447
523.277	1.47395461
523.484	1.47070406
523.692	1.46681415
523.899	1.46154702
524.106	1.45637903
524.314	1.45071228
524.521	1.44522883
524.728	1.43969662
524.936	1.43466323
525.143	1.42998418
525.35	1.42436271
525.558	1.41859181
525.765	1.41130798
525.972	1.40490801
526.179	1.39882218
526.386	1.39408778
526.594	1.38693146
526.801	1.38172173
527.008	1.37668022
527.215	1.37096747
527.422	1.36344923
527.629	1.35798501
527.836	1.35240083
528.043	1.34852016
528.25	1.34341134
528.457	1.33818538
528.664	1.3332734
528.871	1.32900803
529.078	1.32376453
529.285	1.31852997
529.492	1.31300147
529.699	1.30899029
529.906	1.30435024
530.113	1.2991626
530.32	1.29356041
530.526	1.28895043
530.733	1.28435945
530.94	1.27893822
531.147	1.27393712
531.354	1.26953005
531.56	1.26533434
531.767	1.26133704
531.974	1.2560173
532.181	1.25227555
532.387	1.2483589
532.594	1.24320843
532.801	1.23842931
533.007	1.23448207
533.214	1.23017989
533.42	1.22566516
533.627	1.22041384
533.834	1.21426438
534.04	1.20877424
534.247	1.20533608
534.453	1.19884551
534.66	1.19394462
534.866	1.18951477
535.073	1.18566527
535.279	1.18064292
535.486	1.17481041
535.692	1.17032542
535.898	1.1654036
536.105	1.1608518
536.311	1.15603658
536.518	1.15066892
536.724	1.1462456
536.93	1.14080577
537.137	1.13601393
537.343	1.13080436
537.549	1.12564112
537.755	1.12122892
537.962	1.11691673
538.168	1.11279053
538.374	1.10778829
538.58	1.10312988
538.786	1.09853504
538.993	1.09465373
539.199	1.09116592
539.405	1.08737521
539.611	1.08230769
539.817	1.07794928
540.023	1.07369863
540.229	1.06920486
540.435	1.06527237
540.641	1.06106876
540.847	1.05763803
541.053	1.05425027
541.259	1.04923408
541.465	1.04347182
541.671	1.03881051
541.877	1.03490553
542.083	1.03043153
542.289	1.02588191
542.495	1.02150422
542.701	1.01676369
542.906	1.01257093
543.112	1.0078659
543.318	1.00333769
543.524	0.99954769
543.73	0.99620893
543.935	0.99193298
544.141	0.98709719
544.347	0.98266886
544.553	0.97807017
544.758	0.97349624
544.964	0.9690044
545.17	0.96478332
545.375	0.96016814
545.581	0.95592737
545.786	0.9523319
545.992	0.94820568
546.198	0.94430271
546.403	0.94098441
546.609	0.93826191
546.814	0.93428701
547.02	0.93019195
547.225	0.92649711
547.431	0.92360359
547.636	0.92042597
547.842	0.91546257
548.047	0.91099832
548.252	0.90706431
548.458	0.90332972
548.663	0.89877622
548.869	0.89390113
549.074	0.89031662
549.279	0.88585082
549.484	0.88207707
549.69	0.87754429
549.895	0.8739465
550.1	0.87109059
550.306	0.86652825
550.511	0.86238728
550.716	0.85792561
550.921	0.85445643
551.126	0.85065406
551.331	0.84759596
551.537	0.84451963
551.742	0.84115713
551.947	0.8370701
552.152	0.83251906
552.357	0.82844591
552.562	0.82478251
552.767	0.82050605
552.972	0.81700996
553.177	0.81322619
553.382	0.81000097
553.587	0.80647791
553.792	0.80242777
553.997	0.7981009
554.202	0.79454954
554.407	0.79158832
554.612	0.78799239
554.817	0.78457984
555.021	0.78107414
555.226	0.77725921
555.431	0.7735615
555.636	0.76933864
555.841	0.76493466
556.045	0.7618068
556.25	0.75866036
556.455	0.75515399
556.66	0.75080117
556.864	0.74697989
557.069	0.74375785
557.274	0.74026445
557.478	0.73707618
557.683	0.73386446
557.888	0.72994625
558.092	0.7269096
558.297	0.72340549
558.501	0.7197568
558.706	0.71669052
558.91	0.71302238
559.115	0.70983824
559.319	0.70577171
559.524	0.7032339
559.728	0.69891374
559.933	0.69526795
560.137	0.69219784
560.342	0.68862917
560.546	0.68518972
560.75	0.68178168
560.955	0.67857338
561.159	0.67569491
561.364	0.67237723
561.568	0.66980327
561.772	0.66620844
561.976	0.66392525
562.181	0.66076818
562.385	0.65745696
562.589	0.65438179
562.793	0.65028495
562.998	0.6464443
563.202	0.64299869
563.406	0.6394772
563.61	0.63641551
563.814	0.63298197
564.018	0.62919116
564.222	0.62547736
564.427	0.62215851
564.631	0.61899448
564.835	0.61580214
565.039	0.61337944
565.243	0.61042426
565.447	0.60709353
565.651	0.60421777
565.855	0.60070617
566.059	0.59750841
566.263	0.59437413
566.466	0.59213169
566.67	0.58999741
566.874	0.58701117
567.078	0.58437912
567.282	0.58208097
567.486	0.57948613
567.69	0.57730309
567.893	0.57462012
568.097	0.57229777
568.301	0.5696268
568.505	0.56772562
568.708	0.56467499
568.912	0.56146462
569.116	0.55912848
569.319	0.55579551
569.523	0.55249074
569.727	0.54977153
569.93	0.54661904
570.134	0.54409033
570.338	0.54097374
570.541	0.53825701
570.745	0.53512962
570.948	0.53224878
571.152	0.52887558
571.355	0.52590289
571.559	0.5234956
571.762	0.52030074
571.966	0.51731396
572.169	0.5142532
572.373	0.51090745
572.576	0.50820111
572.78	0.50552331
572.983	0.50261669
573.186	0.49982276
573.39	0.49784903
573.593	0.49468201
573.796	0.49183797
574	0.4893493
574.203	0.48710535
574.406	0.48464507
574.609	0.48158005
574.813	0.47915065
575.016	0.47694409
575.219	0.4746273
575.422	0.47220766
575.625	0.4691206
575.828	0.46733928
576.032	0.46475754
576.235	0.46238089
576.438	0.45995159
576.641	0.45800271
576.844	0.45620472
577.047	0.45375412
577.25	0.45110774
577.453	0.4487034
577.656	0.44682762
577.859	0.4449209
578.062	0.44279585
578.265	0.44073123
578.468	0.43855032
578.671	0.43626783
578.874	0.43363788
579.076	0.43197894
579.279	0.4300168
579.482	0.4280687
579.685	0.426361
579.888	0.42400625
580.091	0.42192602
580.293	0.41959229
580.496	0.4173212
580.699	0.41544599
580.902	0.41356471
581.104	0.41112843
581.307	0.40817758
581.51	0.40590034
581.712	0.4031863
581.915	0.40065408
582.118	0.39848785
582.32	0.39597856
582.523	0.39414202
582.725	0.39229437
582.928	0.39016672
583.131	0.38807771
583.333	0.38647707
583.536	0.38507559
583.738	0.38343234
583.941	0.38137758
584.143	0.37935402
584.345	0.37707004
584.548	0.37563238
584.75	0.37288128
584.953	0.37102524
585.155	0.3690534
585.357	0.36688135
585.56	0.36508646
585.762	0.36262736
585.964	0.3602156
586.167	0.35869387
586.369	0.35709809
586.571	0.35532684
586.773	0.35331641
586.976	0.35199928
587.178	0.34966506
587.38	0.34799173
587.582	0.34627601
587.784	0.34461442
587.987	0.34347164
588.189	0.34191644
588.391	0.34025681
588.593	0.33852816
588.795	0.33709948
588.997	0.33575451
589.199	0.33430118
589.401	0.33331624
589.603	0.3313783
589.805	0.32976625
590.007	0.32793694
590.209	0.32611943
590.411	0.3247571
590.613	0.32274636
590.815	0.32098808
591.017	0.31926596
591.219	0.31723927
591.42	0.31523209
591.622	0.31292859
591.824	0.31111914
592.026	0.3095049
592.228	0.3078318
592.429	0.30626358
592.631	0.30426658
592.833	0.30280224
593.035	0.30096594
593.236	0.29944307
593.438	0.29787512
593.64	0.29667292
593.841	0.29547749
594.043	0.29446468
594.245	0.29314811
594.446	0.29132425
594.648	0.28959547
594.849	0.28832732
595.051	0.28700481
595.252	0.28548149
595.454	0.2838677
595.655	0.28199556
595.857	0.2803674
596.058	0.27880734
596.26	0.27751239
596.461	0.27588968
596.663	0.27479251
596.864	0.27335406
597.066	0.27189319
597.267	0.27022184
597.468	0.26862476
597.67	0.26757516
597.871	0.26669179
598.072	0.26536425
598.274	0.26448401
598.475	0.26280815
598.676	0.26153765
598.877	0.26034517
599.078	0.25952318
599.28	0.25856124
599.481	0.25745628
599.682	0.25655237
599.883	0.25544422
600.084	0.25432688
600.285	0.25276278
600.487	0.25139531
600.688	0.25032061
600.889	0.24900569
601.09	0.24767176
601.291	0.24617601
601.492	0.24443956
601.693	0.24319115
601.894	0.24200074
602.095	0.24035836
602.296	0.2394084
602.497	0.23862242
602.698	0.23692903
602.898	0.23564792
603.099	0.23427955
603.3	0.23292392
603.501	0.23146597
603.702	0.23055579
603.903	0.22927402
604.104	0.22809036
604.304	0.22670569
604.505	0.22487147
604.706	0.22341528
604.907	0.22232503
605.107	0.22067917
605.308	0.21964317
605.509	0.21834998
605.709	0.21722147
605.91	0.21594486
606.111	0.21446986
606.311	0.21328413
606.512	0.21230034
606.712	0.21124721
606.913	0.21025939
607.114	0.20902977
607.314	0.20822507
607.515	0.20673813
607.715	0.2055202
607.916	0.20484621
608.116	0.20416446
608.316	0.2031725
608.517	0.20232201
608.717	0.20155269
608.918	0.20047194
609.118	0.19896726
609.318	0.19818166
609.519	0.19698441
609.719	0.19604068
609.919	0.19480982
610.12	0.19346853
610.32	0.19212273
610.52	0.19112818
610.721	0.19024997
610.921	0.18904101
611.121	0.18832753
611.321	0.18741588
611.521	0.18663248
611.722	0.18572306
611.922	0.1842716
612.122	0.18392923
612.322	0.18283936
612.522	0.18183313
612.722	0.18123311
612.922	0.1799922
613.122	0.17901573
613.322	0.17797284
613.522	0.17705451
613.722	0.1756648
613.922	0.17475481
614.122	0.17445461
614.322	0.17331729
614.522	0.17281671
614.722	0.17190476
614.922	0.1716184
615.122	0.17080148
615.322	0.16992367
615.521	0.16902618
615.721	0.16825401
615.921	0.16790402
616.121	0.16688325
616.321	0.16584131
616.52	0.16489858
616.72	0.16378714
616.92	0.16275811
617.12	0.16143335
617.319	0.16081459
617.519	0.16002689
617.719	0.15931995
617.918	0.15862527
618.118	0.15740799
618.318	0.15681407
618.517	0.15607465
618.717	0.15529656
618.916	0.15411002
619.116	0.15327027
619.315	0.1523496
619.515	0.15104974
619.714	0.14986295
619.914	0.14887666
620.113	0.14783631
620.313	0.14695896
620.512	0.14668591
620.712	0.14580754
620.911	0.1450849
621.11	0.14466949
621.31	0.14398854
621.509	0.14298911
621.708	0.14246011
621.908	0.1419683
622.107	0.14119903
622.306	0.14063696
622.506	0.14035294
622.705	0.13922464
622.904	0.13860309
623.103	0.13782308
623.302	0.13688931
623.502	0.13636908
623.701	0.13566593
623.9	0.13503573
624.099	0.13407532
624.298	0.13325443
624.497	0.13271114
624.696	0.13208171
624.895	0.13155778
625.094	0.13109951
625.293	0.13078432
625.492	0.13065905
625.691	0.12970495
625.89	0.12903892
626.089	0.12815937
626.288	0.12820052
626.487	0.12762481
626.686	0.12689243
626.885	0.12601469
627.084	0.12529394
627.283	0.12436883
627.482	0.12370251
627.68	0.12269901
627.879	0.12237144
628.078	0.12180296
628.277	0.12162295
628.476	0.12051201
628.674	0.12010559
628.873	0.11939105
629.072	0.11844572
629.27	0.11791189
629.469	0.1177963
629.668	0.11679426
629.866	0.11621383
630.065	0.11574627
630.264	0.11524003
630.462	0.11411683
630.661	0.11374452
630.859	0.11292504
631.058	0.11261226
631.256	0.11205324
631.455	0.11148139
631.653	0.11082485
631.852	0.11027725
632.05	0.11000536
632.249	0.10936058
632.447	0.10867718
632.646	0.10815271
632.844	0.10743959
633.042	0.1068632
633.241	0.10634021
633.439	0.10629656
633.637	0.10563172
633.836	0.1051418
634.034	0.10484786
634.232	0.10406648
634.43	0.1032111
634.629	0.10275488
634.827	0.10231431
635.025	0.10210313
635.223	0.10167341
635.421	0.10090063
635.62	0.10029673
635.818	0.09988809
636.016	0.09934629
636.214	0.0990173
636.412	0.09836767
636.61	0.09815425
636.808	0.09765066
637.006	0.09727603
637.204	0.09660437
637.402	0.09635508
637.6	0.09624727
637.798	0.09539884
637.996	0.09467233
638.194	0.09420456
638.392	0.09364504
638.59	0.09322521
638.788	0.09275318
638.986	0.09229637
639.184	0.09172151
639.381	0.09149237
639.579	0.09107444
639.777	0.09030785
639.975	0.09014041
640.173	0.09012936
640.37	0.08929326
640.568	0.0890084
640.766	0.08876745
640.963	0.08833697
641.161	0.0879925
641.359	0.08773751
641.556	0.08710581
641.754	0.08651666
641.952	0.08600976
642.149	0.08515697
642.347	0.08420055
642.544	0.08428948
642.742	0.08352779
642.939	0.08322968
643.137	0.08293326
643.335	0.08294026
643.532	0.08250322
643.729	0.08192754
643.927	0.08149936
644.124	0.08138242
644.322	0.08173881
644.519	0.08146529
644.717	0.08061761
644.914	0.08023744
645.111	0.07921427
645.309	0.07843354
645.506	0.07770033
645.703	0.07769614
645.9	0.07739661
646.098	0.0769051
646.295	0.07627938
646.492	0.07564423
646.689	0.07559615
646.887	0.07568052
647.084	0.07559307
647.281	0.07556824
647.478	0.07562807
647.675	0.07498601
647.872	0.0744384
648.069	0.07456264
648.267	0.07419137
648.464	0.07386055
648.661	0.07339053
648.858	0.07290837
649.055	0.07262434
649.252	0.07230655
649.449	0.0722247
649.646	0.07138771
649.843	0.07132924
650.04	0.07088545
650.236	0.07022458
650.433	0.07027018
650.63	0.06999793
650.827	0.06964819
651.024	0.06944627
651.221	0.06926217
651.418	0.06879614
651.614	0.06867831
651.811	0.06838239
652.008	0.06790147
652.205	0.0673912
652.401	0.06719102
652.598	0.06667399
652.795	0.06632851
652.991	0.06650143
653.188	0.0663301
653.385	0.06554897
653.581	0.06538106
653.778	0.06484864
653.975	0.06482822
654.171	0.06467021
654.368	0.06442288
654.564	0.06390072
654.761	0.06388937
654.957	0.06372224
655.154	0.06292324
655.35	0.06246589
655.547	0.06246804
655.743	0.06215308
655.94	0.06181028
656.136	0.06147092
656.332	0.06134661
656.529	0.06078957
656.725	0.06055261
656.921	0.06024212
657.118	0.05989057
657.314	0.05986398
657.51	0.05926823
657.707	0.05844969
657.903	0.05864943
658.099	0.05855894
658.295	0.0581651
658.492	0.05783508
658.688	0.05781889
658.884	0.05732101
659.08	0.05675814
659.276	0.05676066
659.472	0.05624814
659.669	0.05629429
659.865	0.05619403
660.061	0.05580867
660.257	0.05543352
660.453	0.05544696
660.649	0.05531781
660.845	0.05506292
661.041	0.05512046
661.237	0.05490029
661.433	0.05456436
661.629	0.05471949
661.825	0.0544091
662.021	0.05426797
662.216	0.05355226
662.412	0.0533779
662.608	0.05286974
662.804	0.05249662
663	0.05211783
663.196	0.05137247
663.391	0.05117831
663.587	0.05066833
663.783	0.04984027
663.979	0.04921156
664.174	0.04913373
664.37	0.04909069
664.566	0.04864212
664.761	0.04826901
664.957	0.04771822
665.153	0.04774007
665.348	0.04804002
665.544	0.04758817
665.74	0.0475647
665.935	0.04783825
666.131	0.04785652
666.326	0.04759241
666.522	0.04752115
666.717	0.04753401
666.913	0.04754734
667.108	0.04748136
667.304	0.04735963
667.499	0.04694453
667.694	0.04717945
667.89	0.04667322
668.085	0.04614489
668.281	0.0459244
668.476	0.0457918
668.671	0.04522896
668.867	0.04513381
669.062	0.04478984
669.257	0.04493918
669.453	0.04451206
669.648	0.0441718
669.843	0.04343675
670.038	0.04326133
670.233	0.04301418
670.429	0.04294524
670.624	0.0422009
670.819	0.04145795
671.014	0.0414099
671.209	0.04116331
671.404	0.04061439
671.599	0.04033181
671.794	0.04015385
671.989	0.04020426
672.185	0.04024868
672.38	0.04030759
672.575	0.03998645
672.77	0.03987836
672.964	0.04026515
673.159	0.03981973
673.354	0.03980718
673.549	0.03961772
673.744	0.03916918
673.939	0.03920915
674.134	0.03905252
674.329	0.03866524
674.524	0.03841282
674.718	0.03860912
674.913	0.03863984
675.108	0.03874752
675.303	0.03859039
675.498	0.03808506
675.692	0.03795521
675.887	0.03867691
676.082	0.03841245
676.276	0.03839032
676.471	0.03849146
676.666	0.0379013
676.86	0.03757016
677.055	0.03758666
677.25	0.03678403
677.444	0.0364217
677.639	0.03664024
677.833	0.03665781
678.028	0.03618349
678.222	0.03597229
678.417	0.03600585
678.611	0.03557101
678.806	0.03557773
679	0.03526758
679.195	0.03471646
679.389	0.0348581
679.583	0.0347444
679.778	0.03445277
679.972	0.03406115
680.166	0.03387455
680.361	0.03383524
680.555	0.03358046
680.749	0.03355681
680.944	0.0336396
681.138	0.03366608
681.332	0.0339155
681.526	0.03386943
681.721	0.03392335
681.915	0.03371187
682.109	0.03314152
682.303	0.03273491
682.497	0.03273952
682.691	0.03217332
682.886	0.03267381
683.08	0.0324402
683.274	0.03211403
683.468	0.03131644
683.662	0.03153361
683.856	0.03112416
684.05	0.03137502
684.244	0.03177782
684.438	0.03157043
684.632	0.03134279
684.826	0.03106263
685.02	0.0301541
685.214	0.03018466
685.408	0.03036038
685.601	0.03037933
685.795	0.0299736
685.989	0.0300575
686.183	0.02949996
686.377	0.02899309
686.571	0.02937569
686.764	0.02957308
686.958	0.02987797
687.152	0.02990032
687.346	0.03009932
687.539	0.02936536
687.733	0.02938834
687.927	0.02944447
688.12	0.02958918
688.314	0.02958966
688.508	0.03009567
688.701	0.02995877
688.895	0.02948423
689.088	0.02925095
689.282	0.02872988
689.475	0.02849236
689.669	0.02863888
689.862	0.02948904
690.056	0.02875011
690.249	0.02809407
690.443	0.02829595
690.636	0.02732642
690.83	0.02710219
691.023	0.02720507
691.217	0.02722023
691.41	0.02779544
691.603	0.0275064
691.797	0.02712587
691.99	0.02638429
692.183	0.02653233
692.376	0.02653087
692.57	0.02654177
692.763	0.02724604
692.956	0.02695874
693.149	0.02640616
693.343	0.02622139
693.536	0.02585445
693.729	0.02575526
693.922	0.02624656
694.115	0.02594242
694.308	0.02590088
694.502	0.02588828
694.695	0.02548642
694.888	0.02493739
695.081	0.02472248
695.274	0.02449938
695.467	0.02425978
695.66	0.02450671
695.853	0.02379423
696.046	0.02353267
696.239	0.02353664
696.432	0.02335602
696.625	0.0232536
696.818	0.02333917
697.01	0.02340285
697.203	0.02348427
697.396	0.02390121
697.589	0.02383599
697.782	0.02338884
697.975	0.02397673
698.167	0.02374068
698.36	0.02358928
698.553	0.02332361
698.746	0.02270642
698.938	0.02288749
699.131	0.0228097
699.324	0.023065
699.516	0.02266698
699.709	0.02245236
699.902	0.02213877
700.094	0.02184906
700.287	0.02179223
700.479	0.02189878
700.672	0.02180308
700.865	0.02196413
701.057	0.02132805
701.25	0.02153735
701.442	0.02135472
701.635	0.02151145
701.827	0.02158123
702.02	0.0217654
702.212	0.02204019
702.404	0.02194233
702.597	0.02184539
702.789	0.02210946
702.982	0.0222737
703.174	0.02181599
703.366	0.02103671
703.559	0.02054982
703.751	0.02032508
703.943	0.02016805
704.135	0.01997936
704.328	0.01959076
704.52	0.0192875
704.712	0.01889217
704.904	0.01843969
705.096	0.01854641
705.289	0.01881724
705.481	0.0194425
705.673	0.01943392
705.865	0.01977003
706.057	0.02054767
706.249	0.02023285
706.441	0.02039659
706.633	0.0204558
706.825	0.0208907
707.017	0.02100045
707.209	0.02062523
707.401	0.02097977
707.593	0.02071286
707.785	0.02031725
707.977	0.01986444
708.169	0.01885293
708.361	0.01887685
708.553	0.01855547
708.745	0.01864492
708.937	0.01829051
709.128	0.01807852
709.32	0.01777125
709.512	0.01738304
709.704	0.01695721
709.896	0.01749963
710.087	0.01727217
710.279	0.01707026
710.471	0.0169607
710.662	0.01668655
710.854	0.01642119
711.046	0.01609876
711.237	0.01606631
711.429	0.01636881
711.621	0.01625401
711.812	0.01627627
712.004	0.01554016
712.195	0.01560638
712.387	0.01589102
712.578	0.01567349
712.77	0.01554577
712.961	0.01566209
713.153	0.01599725
713.344	0.01606644
713.536	0.01600149
713.727	0.01643553
713.919	0.01610698
714.11	0.01671768
714.301	0.01662499
714.493	0.01649265
714.684	0.01670823
714.875	0.01665821
715.067	0.01693734
715.258	0.01643256
715.449	0.01606009
715.641	0.01596043
715.832	0.01599026
716.023	0.01669336
716.214	0.01650995
716.405	0.01643018
716.597	0.01614929
716.788	0.01668208
716.979	0.01685345
717.17	0.01646688
717.361	0.01623335
717.552	0.01687941
717.743	0.01629727
717.934	0.015602
718.125	0.01510842
718.316	0.01442993
718.507	0.01460085
718.698	0.01494889
718.889	0.01486464
719.08	0.01446172
719.271	0.01470495
719.462	0.01456008
719.653	0.01469605
719.844	0.01489641
720.035	0.01503496
720.226	0.01494353
720.417	0.0152541
720.607	0.0145486
720.798	0.01466524
720.989	0.01413074
721.18	0.01400796
721.371	0.01355151
721.561	0.01358857
721.752	0.01277203
721.943	0.01352501
722.133	0.01250574
722.324	0.01250487
722.515	0.01192565
722.705	0.01248873
722.896	0.01219884
723.087	0.01193291
723.277	0.01225399
723.468	0.01217157
723.658	0.01242981
723.849	0.01236603
724.039	0.01200325
724.23	0.01238846
724.42	0.01272489
724.611	0.01323636
724.801	0.01313072
724.992	0.01281471
725.182	0.01268114
725.373	0.01242137
725.563	0.01236189
725.753	0.01247399
725.944	0.01237455
726.134	0.01179425
726.324	0.01222645
726.515	0.0116036
726.705	0.0112534
726.895	0.01102708
727.085	0.01095959
727.276	0.0112172
727.466	0.01118886
727.656	0.01090179
727.846	0.01071373
728.036	0.01096175
728.227	0.01033018
728.417	0.0101119
728.607	0.01026448
728.797	0.01048323
728.987	0.01026179
729.177	0.01035986
729.367	0.0095276
729.557	0.00973019
729.747	0.0096962
729.937	0.01002089
730.127	0.01008145
730.317	0.01099577
730.507	0.01121281
730.697	0.0115733
730.887	0.01166476
731.077	0.01158346
731.267	0.01170801
731.457	0.0119626
731.646	0.01216841
731.836	0.01287605
732.026	0.01165088
732.216	0.0116005
732.406	0.01135679
732.595	0.01099806
732.785	0.01082942
732.975	0.01036945
733.165	0.01036452
733.354	0.0101606
733.544	0.01077163
733.734	0.0102415
733.923	0.00995382
734.113	0.01079079
734.302	0.01040333
734.492	0.01022267
734.682	0.0106565
734.871	0.00986255
735.061	0.00991897
735.25	0.00995809
735.44	0.0097449
735.629	0.00974105
735.819	0.00946006
736.008	0.00945146
736.198	0.00888584
736.387	0.009115
736.577	0.00930216
736.766	0.00899769
736.955	0.01007667
737.145	0.01064616
737.334	0.01079168
737.523	0.01143141
737.713	0.01120506
737.902	0.01192681
738.091	0.01200182
738.28	0.01265525
738.47	0.01233609
738.659	0.01211288
738.848	0.01231864
739.037	0.01124654
739.227	0.01077031
739.416	0.01084246
739.605	0.01002062
739.794	0.01029429
739.983	0.0098771
740.172	0.00911684
740.361	0.00871974
740.55	0.00900929
740.739	0.00900229
740.928	0.00842305
741.117	0.00844127
741.306	0.00778993
741.495	0.00784316
741.684	0.00865445
741.873	0.00823617
742.062	0.00800306
742.251	0.00831768
742.44	0.00807422
742.629	0.00726318
742.818	0.00738306
743.007	0.00745854
743.195	0.00787326
743.384	0.00860123
743.573	0.008391
743.762	0.00785778
743.95	0.00803319
744.139	0.00801478
744.328	0.00809634
744.517	0.00814757
744.705	0.00843627
744.894	0.00856876
745.083	0.00846827
745.271	0.00846467
745.46	0.00803381
745.649	0.00782633
745.837	0.00792531
746.026	0.00765212
746.214	0.00812268
746.403	0.00761296
746.591	0.00800222
746.78	0.00799048
746.968	0.00757123
747.157	0.00811842
747.345	0.00816234
747.534	0.00809096
747.722	0.00794046
747.91	0.00788257
748.099	0.00800754
748.287	0.00852987
748.476	0.00852745
748.664	0.00750644
748.852	0.0081499
749.041	0.00878515
749.229	0.00832337
749.417	0.00773048
749.605	0.00838946
749.794	0.00898765
749.982	0.00837901
750.17	0.00773969
750.358	0.00658171
750.546	0.00675468
750.734	0.00730038
750.923	0.00659508
751.111	0.00589685
751.299	0.00583579
751.487	0.00621244
751.675	0.00610018
751.863	0.00588838
752.051	0.00637463
752.239	0.00743799
752.427	0.00759318
752.615	0.0082709
752.803	0.0084505
752.991	0.0086483
753.179	0.00870578
753.367	0.00869939
753.555	0.00858513
753.743	0.00848919
753.93	0.0081885
754.118	0.00815988
754.306	0.00723942
754.494	0.00714795
754.682	0.00695579
754.87	0.00677677
755.057	0.00664984
755.245	0.00575024
755.433	0.00594272
755.621	0.00527049
755.808	0.00505926
755.996	0.00459392
756.184	0.00370539
756.371	0.00423722
756.559	0.004692
756.746	0.00413039
756.934	0.00407339
757.122	0.0046176
757.309	0.00511534
757.497	0.00519179
757.684	0.0055407
757.872	0.0053023
758.059	0.00520392
758.247	0.00631504
758.434	0.00560293
758.622	0.00527575
758.809	0.00486724
758.997	0.00601575
759.184	0.00562714
759.371	0.00604855
759.559	0.00610452
759.746	0.00724661
759.933	0.00769473
760.121	0.00813165
760.308	0.00705377
760.495	0.00725191
760.682	0.00693585
760.87	0.00741169
761.057	0.00631354
761.244	0.00648589
761.431	0.00657044
761.619	0.00621084
761.806	0.00527334
761.993	0.00482221
762.18	0.00453069
762.367	0.00569802
762.554	0.00634128
762.741	0.00717424
762.928	0.00750176
763.115	0.00799083
763.302	0.00783727
763.489	0.00818113
763.676	0.00832179
763.863	0.00844083
764.05	0.00802679
764.237	0.00729075
764.424	0.00711387
764.611	0.00617622
764.798	0.00512777
764.985	0.00472937
765.172	0.00456763
765.359	0.00415078
765.545	0.00310908
765.732	0.00267213
765.919	0.00251327
766.106	0.00315244
766.292	0.00443819
766.479	0.00425723
766.666	0.00432565
766.853	0.00433461
767.039	0.00391057
767.226	0.00376002
767.413	0.00462054
767.599	0.00482897
767.786	0.00566866
767.973	0.00498318
768.159	0.00479366
768.346	0.0042974
768.532	0.00427481
768.719	0.00460911
768.905	0.00466097
769.092	0.00571598
769.278	0.00522711
769.465	0.00472597
769.651	0.00494378
769.838	0.00399834
770.024	0.00444549
770.21	0.00404408
770.397	0.00425343
770.583	0.00378297
770.77	0.00413909
770.956	0.0047647
771.142	0.00440188
771.329	0.00435084
771.515	0.00432283
771.701	0.00426118
771.887	0.00341691
772.074	0.00393538
772.26	0.00435477
772.446	0.00450455
772.632	0.00532281
772.818	0.00465488
773.004	0.00479009
773.191	0.00410799
773.377	0.00448602
773.563	0.0042625
773.749	0.00458385
773.935	0.00579963
774.121	0.00598233
774.307	0.0059924
774.493	0.00583274
774.679	0.00527082
774.865	0.00496733
775.051	0.00363455
775.237	0.00408467
775.423	0.00345563
775.609	0.00363401
775.795	0.00308429
775.981	0.00213089
776.166	0.0014496
776.352	0.00116601
776.538	0.00076754
776.724	0.00107264
776.91	0.00111474
777.096	0.00158848
777.281	0.00115456
777.467	0.00198743
777.653	0.00183183
777.839	0.00304232
778.024	0.00309339
778.21	0.00285657
778.396	0.00317686
778.581	0.00424729
778.767	0.00448599
778.952	0.00431537
779.138	0.00456778
779.324	0.0044958
779.509	0.00431367
779.695	0.00479554
779.88	0.00319124
780.066	0.00393589
780.251	0.00408698
780.437	0.00387152
780.622	0.00331393
780.808	0.00285446
780.993	0.00284485
781.179	0.00209109
781.364	0.00249578
781.549	0.00218286
781.735	0.00124162
781.92	0.00218661
782.105	0.00188434
782.291	0.00150218
782.476	0.0016474
782.661	0.00173905
782.846	0.00051033
783.032	0.00096757
783.217	0.00056231
783.402	0.00063534
783.587	0.00097083
783.773	0.00156576
783.958	0.00143304
784.143	0.00199747
784.328	0.00261834
784.513	0.00222348
784.698	0.00143803
784.883	0.0019081
785.068	0.00235025
785.253	0.00355315
785.438	0.00387745
785.623	0.00314844
785.808	0.00319576
785.993	0.00261222
786.178	0.00220003
786.363	0.00212531
786.548	0.00228656
786.733	0.00296059
786.918	0.00347776
787.103	0.00318895
787.288	0.00301562
787.473	0.00211705
787.657	0.00232265
787.842	0.00164049
788.027	0.00241707
788.212	0.00269117
788.396	0.00240232
788.581	0.00209348
788.766	0.0017632
788.951	0.00198004
789.135	0.00203552
789.32	0.00238299
789.505	0.0033954
789.689	0.00324928
789.874	0.00405853
790.059	0.0028809
790.243	0.0022224
790.428	0.00251287
790.612	0.00311034
790.797	0.00459606
790.981	0.00449884
791.166	0.00476209
791.35	0.0038173
791.535	0.00263905
791.719	0.00372161
791.904	0.00331159
792.088	0.00311804
792.272	0.00396241
792.457	0.00357441
792.641	0.00288122
792.826	0.00129347
793.01	0.00023982
793.194	-0.00125031
793.379	-0.00118744
793.563	-0.00140372
793.747	-0.00196392
793.931	-0.00180949
794.116	0.00016007
794.3	0.00044575
794.484	0.00033776
794.668	0.00149303
794.852	0.002113
795.036	0.00320545
795.221	0.00374717
795.405	0.00522379
795.589	0.00678293
795.773	0.00574955
795.957	0.00598992
796.141	0.00491267
796.325	0.0039906
796.509	0.00396611
796.693	0.00350155
796.877	0.00303071
797.061	0.00264693
797.245	0.00296695
797.429	0.00201539
797.613	0.00151227
797.797	0.00288014
797.981	0.00145193
798.164	0.00106439
798.348	0.00132018
798.532	0.0019982
798.716	0.0007814
798.9	0.00146097
799.084	0.00160251
799.267	0.0013941
799.451	0.00111434
799.635	0.00090505
799.818	0.00054681
800.002	0.00057152
800.186	-0.0000649
800.37	-0.00087504
800.553	-0.00058032
800.737	-0.00008899
800.92	-0.00049236
801.104	0.0000238
801.288	0.001577
801.471	0.00163547
801.655	0.00037043
801.838	-0.00025144
802.022	0.00073656
802.205	0.0019036
802.389	0.00234357
802.572	0.00108417
802.756	0.00214578
802.939	0.00259986
803.122	0.0018737
803.306	0.00022437
803.489	0.00066167
803.673	0.00199015
803.856	0.00257179
804.039	0.00324835
804.223	0.00315323
804.406	0.0034701
804.589	0.00392596
804.772	0.00264984
804.956	0.00270784
805.139	0.00271204
805.322	0.00315092
805.505	0.0027153
805.688	0.00219123
805.872	0.00169374
806.055	0.00108641
806.238	0.00002504
806.421	-0.00068317
806.604	-0.00070459
806.787	-0.00031544
806.97	-0.00166335
807.153	-0.00205814
807.336	-0.00218275
807.519	-0.00234059
807.702	-0.00259066
807.885	-0.00275978
808.068	-0.00390831
808.251	-0.00304006
808.434	-0.00336571
808.617	-0.00293218
808.8	-0.00324131
808.983	-0.00260742
809.166	-0.00149431
809.348	-0.00090517
809.531	0.00080397
809.714	0.00126332
809.897	0.00182683
810.08	0.00357551
810.262	0.004612
810.445	0.00642872
810.628	0.00653268
810.81	0.00793118
810.993	0.00768039
811.176	0.00672909
811.359	0.00574309
811.541	0.00450863
811.724	0.00475272
811.906	0.00474818
812.089	0.00397928
812.272	0.00337524
812.454	0.00226861
812.637	0.00258458
812.819	0.00240859
813.002	0.0023558
813.184	0.0025723
813.367	0.00228528
813.549	0.00217339
813.731	0.00298032
813.914	0.00418891
814.096	0.00479847
814.279	0.00467902
814.461	0.00363742
814.643	0.00291077
814.826	0.00215617
815.008	0.00153603
815.19	0.00149719
815.373	0.00250578
815.555	0.00099817
815.737	0.00076873
815.919	-0.00038816
816.102	-0.00142771
816.284	-0.00086447
816.466	0.00125065
816.648	0.0020077
816.83	0.00163443
817.012	0.00273148
817.195	0.00187189
817.377	0.0023538
817.559	0.00411721
817.741	0.00253364
817.923	0.00148517
818.105	0.00234525
818.287	0.00047355
818.469	0.00011679
818.651	-0.00076847
818.833	-0.00054992
819.015	-0.00089674
819.197	-0.00069224
819.379	-0.00104943
819.56	-0.00198905
819.742	-0.0013791
819.924	-0.00054244
820.106	-0.00143796
820.288	0.00011922
820.47	-0.00058263
820.652	-0.00075545
820.833	-0.00074984
821.015	-0.00047317
821.197	0.00064764
821.379	-0.00039235
821.56	-0.00016643
821.742	-0.00085634
821.924	-0.00089665
822.105	-0.00110368
822.287	-0.0015955
822.469	-0.0016066
822.65	-0.00111371
822.832	-0.00054642
823.013	-0.00087114
823.195	-0.00105094
823.376	0.00006197
823.558	0.00150581
823.739	0.00248485
823.921	0.00341402
824.102	0.00396243
824.284	0.00377193
824.465	0.00374123
824.647	0.00403539
824.828	0.00322544
825.01	0.00253187
825.191	0.00239475
825.372	0.00208739
825.554	0.00050934
825.735	0.00087643
825.916	-0.00003995
826.098	0.00051244
826.279	-0.00034499
826.46	-0.00024919
826.641	0.00073351
826.823	0.00065467
827.004	0.00114921
827.185	0.00108647
827.366	0.00069973
827.547	0.00239899
827.728	0.00135814
827.91	0.00025411
828.091	-0.00074
828.272	0.00106262
828.453	0.0018916
828.634	-0.00091858
828.815	-0.00097122
828.996	-0.00092361
829.177	-0.00078371
829.358	-0.0004428
829.539	-0.00094546
829.72	-0.00116543
829.901	0.00133639
830.082	0.00327344
830.263	0.0033922
830.443	0.0033888
830.624	0.00559438
830.805	0.00657399
830.986	0.0078711
831.167	0.00826521
831.348	0.00779778
831.528	0.00772404
831.709	0.00869739
831.89	0.00811615
832.071	0.00742188
832.251	0.00604195
832.432	0.00611371
832.613	0.00507183
832.793	0.00405296
832.974	0.00204313
833.155	0.00108058
833.335	0.00217085
833.516	0.00111172
833.697	0.00106884
833.877	-0.00007903
834.058	-0.00132651
834.238	-0.00144501
834.419	-0.00218083
834.599	-0.00265822
834.78	-0.00250231
834.96	-0.00215337
835.141	-0.00073995
835.321	-0.00157369
835.501	-0.00121693
835.682	-0.00188556
835.862	-0.00069126
836.043	-0.00109069
836.223	-0.00220086
836.403	-0.00220629
836.584	-0.00125019
836.764	-0.00121671
836.944	0.00028183
837.124	-0.00008197
837.305	0.00061166
837.485	0.00083343
837.665	0.00065133
837.845	0.00032211
838.026	0.00122632
838.206	0.00171069
838.386	0.00095303
838.566	0.00064865
838.746	0.00190111
838.926	0.00007441
839.106	-0.00216224
839.286	-0.00268106
839.466	-0.00442299
839.646	-0.00350809
839.826	-0.00313838
840.006	-0.00246737
840.186	-0.00236796
840.366	-0.00018933
840.546	-0.0015186
840.726	-0.00151508
840.906	-0.00177553
841.086	-0.00032564
841.266	-0.00042194
841.446	0.00066424
841.626	-0.00058821
841.805	-0.00053202
841.985	0.00016475
842.165	0.00201062
842.345	-0.00098346
842.525	0.00128756
842.704	-0.0003615
842.884	0.0009793
843.064	0.00065697
843.243	0.00160155
843.423	0.00165128
843.603	0.00174422
843.782	0.00214962
843.962	0.00092899
844.142	0.00138635
844.321	0.00366421
844.501	0.00245475
844.68	0.00335965
844.86	0.00364326
845.039	0.00317204
845.219	0.00190295
845.398	0.00150727
845.578	0.00311673
845.757	0.00254073
845.937	0.00025244
846.116	-0.00122536
846.296	-0.00293305
846.475	-0.00299584
846.654	-0.00390585
846.834	-0.00586863
847.013	-0.00520306
847.192	-0.00537865
847.372	-0.00332666
847.551	-0.00553396
847.73	-0.0061374
847.909	-0.00385635
848.089	-0.00393179
848.268	-0.00245883
848.447	-0.00073007
848.626	-0.00002091
848.806	0.00089089
848.985	0.00108244
849.164	0.00073689
849.343	-0.00111884
849.522	0.00054888
849.701	0.00054
849.88	0.0033927
850.059	0.00406281
850.238	0.00281454
850.417	0.00085585
850.596	0.00166105
850.775	0.00126687
850.954	0.00125879
851.133	0.00298442
851.312	0.0035593
851.491	0.00290015
851.67	0.00376677
851.849	0.00161542
852.028	0.00056474
852.207	0.00118481
852.385	0.00023922
852.564	-0.00057824
852.743	0.00065596
852.922	0.0008985
853.101	0.00036218
853.279	0.00213629
853.458	0.00291062
853.637	0.00170496
853.815	-0.00029973
853.994	0.00110333
854.173	0.00053609
854.351	0.00193784
854.53	0.00179442
854.709	0.00113607
854.887	0.00103583
855.066	0.00107348
855.244	-0.0009383
855.423	-0.0004311
855.601	-0.00106754
855.78	0.00141274
855.958	-0.00028491
856.137	0.00027454
856.315	-0.00082604
856.494	0.00041426
856.672	0.00184476
856.851	0.00228068
857.029	0.00202792
857.207	0.00087327
857.386	-0.00019837
857.564	0.00203652
857.743	0.00100817
857.921	0.00232976
858.099	0.00253417
858.277	0.00426788
858.456	0.00262912
858.634	-0.00016638
858.812	-0.00135739
858.99	-0.00272404
859.169	-0.00080198
859.347	0.00054014
859.525	-0.00257217
859.703	-0.00096456
859.881	-0.00145036
860.059	-0.00095718
860.237	-0.00030349
860.415	0.00263263
860.593	0.00367246
860.772	0.00459617
860.95	0.00696125
861.128	0.00722791
861.306	0.00665696
861.484	0.00857442
861.661	0.00621541
861.839	0.00736528
862.017	0.00763283
862.195	0.01326082
862.373	0.01084547
862.551	0.0103739
862.729	0.0107489
862.907	0.01028608
863.085	0.0101879
863.262	0.0088576
863.44	0.0094292
863.618	0.0107353
863.796	0.01004891
863.973	0.00770734
864.151	-0.00005117
864.329	0.00044838
864.507	0.0016811
864.684	0.00126138
864.862	-0.00019351
865.039	0.00005178
865.217	0.00090804
865.395	-0.00050802
865.572	-0.00092636
865.75	-0.00052321
865.927	-0.00019654
866.105	0.002325
866.282	0.00176554
866.46	0.00059482
866.637	-0.00003974
866.815	0.00107623
866.992	0.00161116
867.17	0.00148348
867.347	0.00293389
867.525	0.00391294
867.702	0.00133429
867.879	0.00140627
868.057	-0.00074543
868.234	-0.00046263
868.411	0.00253556
868.589	0.00047867
868.766	0.00039739
868.943	-0.00167408
869.12	0.00006881
869.298	-0.00186246
869.475	-0.00461719
869.652	-0.00159494
869.829	-0.00101442
870.006	-0.00023686
870.184	-0.00233141
870.361	-0.00357143
870.538	0.00057512
870.715	0.00157606
870.892	0.0039141
871.069	0.00120227
871.246	-0.00018443
871.423	0.00092621
871.6	0.00027142
871.777	0.00025818
871.954	-0.00191318
872.131	0.00040388
872.308	0.00070847
872.485	-0.00172799
872.662	-0.00075721
872.839	-0.00489221
873.016	-0.00303215
873.193	-0.00330339
873.369	-0.00504647
873.546	-0.00485372
873.723	-0.00583683
873.9	-0.00231108
874.077	-0.00132051
874.253	-0.00165162
874.43	-0.00046206
874.607	-0.00463635
874.784	-0.00238417
874.96	-0.00383997
875.137	-0.00244705
875.314	-0.00016658
875.49	-0.00253812
875.667	-0.00091496
875.843	-0.00273984
876.02	-0.00301435
876.197	-0.00355027
876.373	-0.00513579
876.55	-0.00122835
876.726	-0.0022926
876.903	-0.00452142
877.079	-0.00562189
877.256	-0.00486944
877.432	-0.00450804
877.609	-0.00490831
877.785	-0.0056418
877.961	-0.00829155
878.138	-0.00903091
878.314	-0.00777973
878.491	-0.01178783
878.667	-0.00727668
878.843	-0.00453912
879.02	-0.00180916
879.196	-0.0026335
879.372	-0.00168845
879.548	-0.00146331
879.725	-0.00051054
879.901	0.00095754
880.077	0.0010079
880.253	0.00091065
880.429	0.00142513
880.606	-0.00049829
880.782	-0.00038209
880.958	0.00103436
881.134	0.00202181
881.31	0.00038564
881.486	-0.00208005
881.662	-0.00228893
881.838	-0.00409994
882.014	-0.00218219
882.19	-0.00313247
882.366	-0.00013584
882.542	-0.00083287
882.718	-0.00119278
882.894	-0.00396344
883.07	-0.00532333
883.246	-0.00193454
883.422	0.00296769
883.598	0.00358598
883.773	0.00643158
883.949	0.00445643
884.125	0.00377856
884.301	0.00274436
884.477	-0.00100402
884.652	-0.00102154
884.828	0.00105599
885.004	0.00110862
885.18	-0.00091902
885.355	-0.00400979
885.531	-0.00281757
885.707	-0.00658942
885.882	-0.00567919
886.058	-0.0028942
886.234	-0.00303666
886.409	-0.00214557
886.585	0.000455
886.76	-0.00015756
886.936	-0.00019281
887.111	0.00042114
887.287	0.00087913
887.462	0.00061479
887.638	0.00355223
887.813	0.00370758
887.989	0.00276322
888.164	0.00225273
888.34	0.00299458
888.515	-0.0005803
888.69	-0.00139116
888.866	-0.00139239
889.041	-0.00259392
889.217	-0.004426
889.392	-0.00627109
889.567	-0.00631356
889.742	-0.0077626
889.918	-0.00706679
890.093	-0.00862264
890.268	-0.00875243
890.443	-0.0085333
890.619	-0.00752726
890.794	-0.00739631
890.969	-0.00569168
891.144	-0.00291063
891.319	-0.00374318
891.494	-0.00591482
891.669	-0.00525532
891.844	-0.00492312
892.02	-0.00499311
892.195	-0.00377347
892.37	-0.00283122
892.545	-0.0044449
892.72	-0.00651592
892.895	-0.00582423
893.07	-0.00746612
893.244	-0.0081564
893.419	-0.00639577
893.594	-0.00874023
893.769	-0.00964897
893.944	-0.00921308
894.119	-0.01026602
894.294	-0.00956275
894.469	-0.00541619
894.643	-0.0012883
894.818	-0.00352888
894.993	-0.00077063
895.168	-0.00059113
895.342	-0.00195768
895.517	-0.00163376
895.692	-0.00267655
895.867	-0.00275326
896.041	0.0008481
896.216	-0.0012094
896.391	-0.00717211
896.565	-0.01064517
896.74	-0.00619242
896.914	-0.00773975
897.089	-0.00429569
897.263	-0.00431794
897.438	-0.00515123
897.613	-0.00492199
897.787	-0.00201474
897.962	-0.00458176
898.136	-0.0003125
898.31	0.00430252
898.485	0.00390003
898.659	0.00127133
898.834	-0.00060925
899.008	-0.00469258
899.182	-0.00127592
899.357	0.00408937
899.531	0.00457779
899.705	0.00461888
899.88	0.00688837
900.054	0.00503335
900.228	0.00401922
900.403	0.00591166
900.577	0.00475857
900.751	0.00722322
900.925	0.00879535
901.099	0.00747799
901.274	0.00438023
901.448	0.00538774
901.622	0.00305589
901.796	0.00017011
901.97	-0.00134519
902.144	-0.00521714
902.318	-0.00757683
902.492	-0.0089604
902.666	-0.01004201
902.84	-0.01099393
903.014	-0.00937447
903.188	-0.01161362
903.362	-0.01045614
903.536	-0.00889189
903.71	-0.00903155
903.884	-0.00895161
904.058	-0.00376196
904.232	-0.0035177
904.406	-0.00119024
904.58	-0.00152408
904.753	-0.00011754
904.927	-0.00229693
905.101	0.00234167
905.275	0.00211135
905.448	0.00055431
905.622	0.00291573
905.796	0.00107689
905.97	0.0013189
906.143	0.00547126
906.317	0.00435456
906.491	0.00817745
906.664	0.00975237
906.838	0.00775072
907.012	0.00320543
907.185	0.00247929
907.359	0.00270669
907.532	0.00034691
907.706	0.00351627
907.879	0.00094442
908.053	-0.00360229
908.226	-0.00254165
908.4	-0.00482539
908.573	-0.00711375
908.747	-0.00649276
908.92	-0.0014662
909.094	-0.0037433
909.267	-0.00278944
909.44	-0.00252328
909.614	-0.00387209
909.787	-0.00262
909.96	0.00040624
910.134	-0.00107166
910.307	0.00062438
910.48	0.00170529
910.653	0.00309773
910.827	-0.00193159
911	-0.00043668
911.173	0.00211914
911.346	0.00390559
911.52	0.00327929
911.693	-0.00314459
911.866	-0.00380083
912.039	-0.00321511
912.212	-0.00846405
912.385	-0.01056755
912.558	-0.00876626
912.731	-0.00534999
912.904	-0.0080104
913.077	-0.01122284
913.25	-0.01289715
913.423	-0.01328858
913.596	-0.0071242
913.769	-0.0099493
913.942	-0.01020284
914.115	-0.0066181
914.288	-0.0068712
914.461	-0.00800491
914.634	-0.00861064
914.807	-0.00395059
914.979	-0.00342006
915.152	-0.00161014
915.325	0.00047589
915.498	0.000239
915.671	0.00301867
915.843	0.00289086
916.016	0.00152242
916.189	0.00519259
916.361	0.00695657
916.534	0.0038838
916.707	0.00338786
916.879	0.00291022
917.052	0.00126339
917.225	-0.00131718
917.397	-0.00366578
917.57	0.00040002
917.742	-0.00167926
917.915	0.00085562
918.088	-0.00159102
918.26	-0.00420875
918.433	-0.00394529
918.605	-0.00941509
918.777	-0.01000117
918.95	-0.00973184
919.122	-0.00467953
919.295	0.00051886
919.467	-0.00273655
919.64	-0.00269347
919.812	-0.00818804
919.984	-0.00413152
920.157	-0.00599828
920.329	-0.00108737
920.501	0.0023652
920.673	0.00360517
920.846	0.00639794
921.018	-0.00043027
921.19	-0.00258961
921.362	-0.00904732
921.535	-0.00595723
921.707	-0.00377024
921.879	-0.00692515
922.051	-0.00562832
922.223	-0.00597776
922.395	-0.00311702
922.567	-0.00427034
922.74	-0.00286178
922.912	0.00078595
923.084	-0.00618637
923.256	-0.00550381
923.428	-0.00805967
923.6	-0.00494046
923.772	-0.00770027
923.944	-0.01227806
924.115	-0.01555441
924.287	-0.01854227
924.459	-0.0201468
924.631	-0.02798962
924.803	-0.02431412
924.975	-0.01901358
925.147	-0.01482003
925.319	-0.01165518
925.49	-0.01444222
925.662	-0.0140796
925.834	-0.0027716
926.006	0.00129869
926.177	0.00075679
926.349	-0.00151944
926.521	0.00259542
926.693	-0.00174362
926.864	0.00027625
927.036	0.0023714
927.208	0.00507713
927.379	0.00512698
927.551	0.00449936
927.722	-0.00166167
927.894	-0.00604653
928.065	-0.0079475
928.237	-0.00206837
928.409	-0.0034476
928.58	-0.00019283
928.752	-0.00394031
928.923	-0.00565602
929.094	-0.01164549
929.266	-0.01441296
929.437	-0.0085527
929.609	-0.00784236
929.78	-0.00455429
929.951	-0.00023365
930.123	-0.00773016
930.294	-0.00717239
930.465	-0.01157899
930.637	-0.01023361
930.808	-0.01252289
930.979	-0.0090689
931.151	-0.0094019
931.322	-0.01391728
931.493	-0.01292142
931.664	-0.01718771
931.835	-0.02425316
932.007	-0.01597696
932.178	-0.0199272
932.349	-0.02317314
932.52	-0.02304071
932.691	-0.01696919
932.862	-0.0201298
933.033	-0.02227486
933.204	-0.02136905
933.375	-0.02635453
933.546	-0.02489634
933.717	-0.01918741
933.888	-0.02568296
934.059	-0.01718789
934.23	-0.01014432
934.401	-0.01239127
934.572	-0.0171555
934.743	-0.01995518
934.914	-0.01592076
935.085	-0.01809308
935.255	-0.00925681
935.426	-0.0075827
935.597	-0.01007276
935.768	-0.00932174
935.939	-0.00996786
936.109	-0.00867087
936.28	-0.00587265
936.451	0.00050573
936.622	0.00558438
936.792	0.01592573
936.963	0.01934494
937.134	0.01670326
937.304	0.01557213
937.475	0.02036568
937.646	0.02637235
937.816	0.02404216
937.987	0.00885616
938.157	0.01344085
938.328	0.00288121
938.498	-0.00554103
938.669	-0.01637926
938.839	-0.01585845
939.01	-0.02304861
939.18	-0.02371267
939.351	-0.02390584
939.521	-0.02816521
939.691	-0.02613549
939.862	-0.01587519
940.032	-0.01601982
940.203	-0.01195136
940.373	-0.0039066
940.543	-0.00341111
940.714	-0.00349711
940.884	-0.00086683
941.054	-0.0017828
941.224	-0.00358853
941.395	-0.00008768
941.565	-0.00549366
941.735	-0.00745814
941.905	-0.02026307
942.075	-0.0229774
942.246	-0.03438644
942.416	-0.03392089
942.586	-0.03631585
942.756	-0.04040946
942.926	-0.0391655
943.096	-0.04443361
943.266	-0.04467974
943.436	-0.04413756
943.606	-0.03806097
943.776	-0.03443767
943.946	-0.02980144
944.116	-0.02117916
944.286	-0.02637635
944.456	-0.02729553
944.626	-0.02508817
944.796	-0.02350032
944.966	-0.02605682
945.136	-0.0334359
945.305	-0.02825701
945.475	-0.03109916
945.645	-0.02438974
945.815	-0.02076814
945.985	-0.02315357
946.154	-0.01415089
946.324	-0.0128306
946.494	-0.01415721
946.664	-0.01768869
946.833	-0.00582557
947.003	0.00318176
947.173	-0.0062398
947.342	-0.01419675
947.512	-0.01004813
947.682	-0.00835926
947.851	-0.00114088
948.021	-0.0085394
948.19	-0.00516901
948.36	0.00241288
948.529	0.00763722
948.699	0.01147798
948.868	0.0089125
949.038	0.01795008
949.207	0.02751501
949.377	0.01711292
949.546	0.01129476
949.716	0.00497503
949.885	0.01690384
950.054	0.01565398
950.224	0.0076337
950.393	0.00881769
950.562	-0.00132875
950.732	-0.0003898
950.901	-0.00111709
951.07	-0.0029745
951.239	0.00655173
951.409	0.0044369
951.578	0.02015653
951.747	0.0041986
951.916	0.00761585
952.086	0.01387017
952.255	0.0121239
952.424	0.00731738
952.593	-0.0061654
952.762	-0.01081458
952.931	-0.00968309
953.1	-0.0064177
953.269	-0.00250698
953.438	-0.0194534
953.607	-0.00704006
953.776	-0.01549616
953.945	-0.02115545
954.114	-0.02336112
954.283	-0.01263725
954.452	-0.00768247
954.621	-0.00463453
954.79	-0.00990711
954.959	-0.00773152
955.128	-0.01596478
955.297	-0.01035166
955.465	-0.02244158
955.634	-0.01554308
955.803	-0.01066427
955.972	-0.0098866
956.141	-0.00709486
956.309	-0.00601826
956.478	-0.01349804
956.647	-0.01062856
956.816	-0.03017086
956.984	-0.02543639
957.153	-0.02737794
957.322	-0.02721255
957.49	-0.033944
957.659	-0.03158118
957.827	-0.03843642
957.996	-0.04642219
958.165	-0.03854445
958.333	-0.04371426
958.502	-0.03994584
958.67	-0.02933623
958.839	-0.02773894
959.007	-0.04042356
959.176	-0.02499647
959.344	-0.02481014
959.512	-0.02553559
959.681	-0.02385378
959.849	-0.02248581
960.018	-0.02219478
960.186	-0.02261488
960.354	-0.02401531
960.523	-0.02561384
960.691	-0.02153478
960.859	-0.011756
961.028	-0.01510507
961.196	-0.0092431
961.364	-0.00222935
961.532	0.01053955
961.701	0.00989437
961.869	-0.00030168
962.037	0.0245916
962.205	0.0185713
962.373	0.01549499
962.541	0.01778128
962.709	0.02456358
962.878	0.02154098
963.046	0.02170828
963.214	0.02131194
963.382	0.00369743
963.55	-0.00095089
963.718	0.00549117
963.886	-0.00713064
964.054	-0.00875149
964.222	-0.00902676
964.39	-0.01660145
964.558	-0.01406965
964.725	-0.0213866
964.893	-0.02870069
965.061	-0.02925323
965.229	-0.01232787
965.397	-0.01028821
965.565	0.00025006
965.733	0.00108991
965.9	0.00972841
966.068	0.00713887
966.236	0.00941035
966.404	0.0027529
966.571	0.00849268
966.739	0.01549318
966.907	0.00052452
967.074	-0.00667531
967.242	-0.01611406
967.41	-0.02157975
967.577	-0.03205484
967.745	-0.03490931
967.913	-0.02410602
968.08	-0.03259876
968.248	-0.0429413
968.415	-0.02388811
968.583	-0.02277933
968.75	-0.00802253
968.918	0.00114451
969.085	0.01361133
969.253	0.00742092
969.42	0.01787221
969.587	0.01492664
969.755	0.0040742
969.922	0.02067348
970.09	0.03400891
970.257	0.02938587
970.424	0.03451744
970.592	0.0128329
970.759	0.00362145
970.926	0.00421582
971.093	0.00990852
971.261	-0.00471446
971.428	0.00108364
971.595	0.00603558
971.762	0.00426202
971.93	0.01473453
972.097	0.00480096
972.264	-0.00955621
972.431	-0.00050503
972.598	-0.00792598
972.765	-0.00942091
972.932	-0.01536707
973.099	-0.01992607
973.266	-0.02636281
973.433	-0.02198578
973.6	-0.02568127
973.767	-0.02987541
973.934	-0.0467263
974.101	-0.04830436
974.268	-0.06321349
974.435	-0.06223503
974.602	-0.06389834
974.769	-0.06482076
974.936	-0.04712665
975.103	-0.03281694
975.27	-0.03579559
975.436	-0.05406284
975.603	-0.07357637
975.77	-0.04770228
975.937	-0.03810466
976.104	-0.00295671
976.27	-0.00376696
976.437	-0.0137455
976.604	-0.01097107
976.77	-0.02899814
976.937	-0.0575285
977.104	-0.03744306
977.27	-0.03024672
977.437	-0.00798306
977.604	-0.03943794
977.77	-0.05724285
977.937	-0.06210348
978.103	-0.05881952
978.27	-0.04320752
978.436	-0.05371805
978.603	-0.03862635
978.769	-0.01980898
978.936	-0.02994392
979.102	-0.01343584
979.269	-0.0181762
979.435	-0.01213537
979.602	-0.00203838
979.768	0.00293687
979.934	0.01956805
980.101	0.01628704
980.267	0.02371683
980.433	0.03026974
980.6	0.02095201
980.766	0.00716531
980.932	0.0044137
981.099	-0.00323517
981.265	-0.02069979
981.431	0.00802858
981.597	-0.02335075
981.763	-0.03264389
981.93	-0.01944282
982.096	-0.04363218
982.262	-0.05118105
982.428	-0.0381074
982.594	-0.02046677
982.76	-0.05359859
982.926	-0.05064604
983.092	-0.01924277
983.258	-0.03046234
983.424	-0.03348812
983.59	-0.06001244
983.756	-0.07147739
983.922	-0.04076636
984.088	-0.04151918
984.254	-0.04854668
984.42	-0.04787946
984.586	-0.02312928
984.752	-0.03157341
984.918	-0.05259869
985.084	-0.08596087
985.249	-0.07166888
985.415	-0.04034537
985.581	-0.02110648
985.747	-0.02925138
985.913	-0.0156963
986.078	-0.02745316
986.244	-0.06368292
986.41	-0.05756796
986.575	-0.03492098
986.741	-0.03480405
986.907	-0.0265217
987.072	-0.02208524
987.238	-0.04185552
987.404	-0.07398475
987.569	-0.05982835
987.735	-0.0766138
987.9	-0.05468908
988.066	-0.04995374
988.231	-0.06154246
988.397	-0.08487705
988.562	-0.0645956
988.728	-0.05892256
988.893	-0.05998952
989.059	-0.02364514
989.224	0.01198601
989.39	-0.01274836
989.555	-0.02555905
989.72	-0.04881726
989.886	-0.00739685
990.051	0.00200995
990.216	0.02329777
990.382	0.03925845
990.547	0.031792
990.712	0.0290835
990.878	-0.02979939
991.043	-0.06000857
991.208	-0.04597083
991.373	-0.04544992
991.538	-0.01845758
991.704	-0.03748187
991.869	-0.03138071
992.034	-0.04850354
992.199	-0.05019739
992.364	-0.02282456
992.529	-0.02632559
992.694	0.04206082
992.859	0.06260921
993.024	0.05187668
993.189	0.06087198
993.354	0.08900803
993.519	0.05690059
993.684	0.04623821
993.849	0.01914387
994.014	-0.01742592
994.179	-0.04899366
994.344	-0.04752461
994.509	-0.05205952
994.674	-0.05807339
994.839	-0.066587
995.004	-0.05415041
995.168	-0.08978454
995.333	-0.0800089
995.498	-0.09364107
995.663	-0.08627368
995.827	-0.06281207
995.992	-0.05796945
996.157	-0.07498478
996.322	-0.14412491
996.486	-0.15390413
996.651	-0.1817939
996.816	-0.18858766
996.98	-0.1920092
997.145	-0.17879762
997.309	-0.17763322
997.474	-0.17071441
997.639	-0.16503976
997.803	-0.13767512
997.968	-0.08503384
998.132	-0.0260222
998.297	-0.07053827
998.461	-0.04298564
998.626	-0.00785457
998.79	-0.01924494
998.954	-0.0485378
999.119	-0.04052028
999.283	-0.02728301
999.448	-0.04726365
999.612	-0.06444038
999.776	-0.10915517
999.941	-0.07202365
1000.105	-0.06581581
1000.269	-0.01787883
1000.434	-0.03958486
1000.598	-0.07514144
1000.762	-0.05569685
1000.926	-0.04381124
1001.091	-0.02047996
1001.255	-0.02027667
1001.419	-0.06338296
1001.583	-0.09801865
1001.747	-0.15786719
1001.911	-0.12065126
1002.075	-0.14264858
1002.24	-0.140838
1002.404	-0.06447266
1002.568	-0.07130879
1002.732	-0.08960655
1002.896	-0.10640426
1003.06	-0.10361881
1003.224	-0.05905105
1003.388	-0.03608107
1003.552	-0.04568443
1003.716	-0.0276673
1003.88	-0.01808421
1004.043	-0.04273535
1004.207	-0.03985847
1004.371	-0.01498455
1004.535	0.02576073
1004.699	0.05587905
1004.863	0.09429455
1005.026	0.09892785
1005.19	0.10989987
1005.354	0.11972271
1005.518	0.07552506
1005.682	0.0552497
1005.845	0.05555673
1006.009	0.01441255
1006.173	-0.04039356
1006.336	-0.07781329
1006.5	-0.11991947
1006.664	-0.16925176
1006.827	-0.19762011
1006.991	-0.15906758
1007.154	-0.2174879
1007.318	-0.16925103
1007.482	-0.17567755
1007.645	-0.13609899
1007.809	-0.14469188
1007.972	-0.12480503
1008.136	-0.15978655
1008.299	-0.10014095
1008.462	-0.01975186
1008.626	0.01986393
1008.789	0.00375448
1008.953	0.03339377
1009.116	-0.00957045
1009.279	-0.02152156
1009.443	-0.08318779
1009.606	-0.11203446
1009.769	-0.07000088
1009.933	-0.07159463
1010.096	-0.15018051
1010.259	-0.2076437
1010.423	-0.16287789
1010.586	-0.18614525
1010.749	-0.17631324
1010.912	-0.20652436
1011.075	-0.19829534
1011.239	-0.18686496
1011.402	-0.15710878
1011.565	-0.20447319
1011.728	-0.1621839
1011.891	-0.14279768
1012.054	-0.10393477
1012.217	-0.13828098
1012.38	-0.16862222
1012.543	-0.18916061
1012.706	-0.14431425
1012.869	-0.15831074
1013.032	-0.20671088
1013.195	-0.13446987
1013.358	-0.13356927
1013.521	-0.11237808
1013.684	-0.11226489
1013.847	-0.19321992
1014.01	-0.21996209
1014.173	-0.19113079
1014.335	-0.193871
1014.498	-0.2823675
1014.661	-0.23707353
1014.824	-0.13025657
1014.987	-0.22131051
1015.149	-0.16576759
1015.312	-0.23367557
1015.475	-0.27322963
1015.638	-0.25670928
1015.8	-0.32018197
1015.963	-0.29018142
1016.126	-0.27208556
1016.288	-0.16918344
1016.451	-0.2354648
1016.613	-0.20866644
1016.776	-0.17094148
1016.939	-0.21862922
1017.101	-0.11767929
1017.264	-0.07298438
1017.426	-0.06695886
1017.589	-0.02618151
1017.751	-0.06001403
1017.914	-0.1675906
1018.076	-0.18764561
1018.238	-0.06234161
1018.401	-0.08381115
1018.563	-0.0245282
1018.726	0.04795505
1018.888	-0.0979324
1019.05	-0.06167043
1019.213	-0.0602736
1019.375	-0.05055667
1019.537	-0.08032729
1019.7	0.05540203
1019.862	0.03890799
1020.024	0.05697171
1020.186	-0.08416155
1020.349	-0.07794404
1020.511	-0.00774745
1020.673	0.04631337
1020.835	-0.01414472
1020.997	0.08711882
1021.159	0.05348443
1021.322	0.15455377
1021.484	0.12216636
1021.646	0.1318776
1021.808	0.05065327
1021.97	0.14157155
1022.132	-0.00937513
1022.294	-0.23529298
1022.456	-0.12653246
1022.618	-0.00137702
1022.78	-0.09148788
1022.942	-0.06477484
1023.104	-0.03486898
1023.266	-0.00571078
1023.427	-0.16464691
1023.589	-0.29829444
1023.751	-0.24512459
1023.913	-0.22602328
1024.075	-0.2383198
1024.237	-0.28145674
1024.398	-0.36145675
1024.56	-0.29831454
1024.722	-0.33703184
1024.884	-0.40571761
1025.045	-0.35204661
1025.207	-0.15609155
1025.369	-0.11051603
1025.531	-0.16897703
1025.692	-0.06676906
1025.854	0.01390048
1026.015	-0.00727542
1026.177	0.01067018
1026.339	-0.0334431
1026.5	-0
1026.662	0.00085032
1026.823	-0.15062783
1026.985	-0.11472805
1027.146	-0.07695324
1027.308	-0.11236312
1027.469	-0.16900946
1027.631	-0.16962575
1027.792	-0.31735351
1027.954	-0.29514461
1028.115	-0.33010982
1028.276	-0.28456201
1028.438	-0.40611561
1028.599	-0.28253499
1028.761	-0.29743465
1028.922	-0.4231882
1029.083	-0.37225443
1029.244	-0.46657899
1029.406	-0.38211306
1029.567	-0.23948404
1029.728	-0.21623217
1029.889	-0.23135884
1030.051	-0.11110899
1030.212	0.0746303
1030.373	0.0083812
1030.534	-0.03556384
1030.695	0.13445991
1030.856	0.18826505
1031.017	0.5108066
1031.179	0.59034778
1031.34	0.5000745
1031.501	0.54091277
1031.662	0.53568012
1031.823	0.53545732
1031.984	0.48963285
1032.145	0.63862429
1032.306	0.6698494
1032.467	0.74985591
1032.628	0.5924916
1032.788	0.04064301
1032.949	-0.20498371
1033.11	-0.13330006
1033.271	-0.41949616
1033.432	-0.3607245
1033.593	-0.64094502
1033.754	-0.80343619
1033.914	-0.92420772
1034.075	-0.97803528
1034.236	-0.98721058
1034.397	-1.00634687
1034.557	-0.73008857
1034.718	-0.55493802
1034.879	-0.64789573
1035.039	-0.44736709
1035.2	-0.52552968
1035.361	-0.2545797
1035.521	-0.15529886
1035.682	-0.32707973
1035.843	-0.25884177
1036.003	-0.39356744
1036.164	-0.27575607
1036.324	-0.45982453
1036.485	-0.61242715
1036.645	-0.58118704
1036.806	-0.74698837
1036.966	-0.78078784
1037.127	-1.01504834
1037.287	-1.09643717
1037.448	-0.9983257
1037.608	-1.22833211
