245.325119	1.707934	0.404763	
246.912033	1.711537	0.408428	
248.498978	1.715555	0.411563	
250.085938	1.720915	0.414271	
251.672928	1.728181	0.416558	
253.259933	1.736251	0.417929	
254.846970	1.743548	0.417762	
256.434021	1.748780	0.415501	
258.021118	1.752706	0.410916	
259.608215	1.757423	0.404010	
261.195374	1.764894	0.394831	
262.782532	1.774968	0.384045	
264.369720	1.783532	0.373378	
265.956940	1.786282	0.364448	
267.544159	1.779680	0.358627	
269.131409	1.765675	0.356559	
270.718689	1.749321	0.358534	
272.305969	1.735542	0.364823	
273.893311	1.728258	0.374837	
275.480652	1.727834	0.384960	
277.067993	1.733641	0.391087	
278.655365	1.745005	0.389523	
280.242767	1.760451	0.379032	
281.830200	1.776303	0.363807	
283.417633	1.788729	0.348402	
285.005066	1.794066	0.336847	
286.592560	1.790408	0.331594	
288.180023	1.780667	0.331435	
289.767517	1.768487	0.334657	
291.355042	1.757357	0.339629	
292.942596	1.750105	0.344909	
294.530151	1.746532	0.350092	
296.117706	1.745394	0.355162	
297.705292	1.745513	0.360122	
299.292908	1.745801	0.364981	
300.880493	1.745932	0.369588	
302.468109	1.746391	0.373605	
304.055756	1.747675	0.376705	
305.643402	1.750244	0.378578	
307.231049	1.754425	0.378992	
308.818726	1.759766	0.378105	
310.406433	1.765505	0.376236	
311.994110	1.770933	0.373680	
313.581818	1.775390	0.370708	
315.169525	1.778357	0.367531	
316.757263	1.779864	0.364154	
318.344971	1.780105	0.360522	
319.932709	1.779263	0.356585	
321.520447	1.777507	0.352295	
323.108215	1.775070	0.347710	
324.695984	1.772722	0.343703	
326.283752	1.771457	0.341506	
327.871521	1.772210	0.342283	
329.459320	1.775867	0.347112	
331.047119	1.783251	0.356925	
332.634918	1.794449	0.371029	
334.222717	1.808513	0.386626	
335.810486	1.824419	0.400999	
337.398315	1.841170	0.411709	
338.986145	1.857837	0.416569	
340.573944	1.873630	0.413800	
342.161774	1.888169	0.404303	
343.749573	1.901313	0.390576	
345.337402	1.912895	0.374940	
346.925232	1.922691	0.359535	
348.513031	1.930424	0.346345	
350.100891	1.935844	0.337085	
351.688690	1.939607	0.331409	
353.276520	1.943023	0.327579	
354.864349	1.947365	0.323937	
356.452179	1.953841	0.318935	
358.039978	1.963600	0.311145	
359.627808	1.977727	0.299288	
361.215637	1.996464	0.283014	
362.803436	2.018446	0.263564	
364.391266	2.042184	0.242242	
365.979065	2.066269	0.220191	
367.566864	2.089372	0.198395	
369.154663	2.110239	0.177693	
370.742493	2.127715	0.158787	
372.330261	2.141374	0.141896	
373.918030	2.151525	0.126799	
375.505798	2.158489	0.113292	
377.093597	2.162563	0.101202	
378.681335	2.164026	0.090381	
380.269104	2.163139	0.080699	
381.856873	2.160146	0.072043	
383.444611	2.155281	0.064314	
385.032349	2.148762	0.057423	
386.620056	2.140801	0.051290	
388.207794	2.131600	0.045844	
389.795471	2.121352	0.041019	
391.383179	2.110247	0.036754	
392.970886	2.098465	0.032992	
394.558533	2.086184	0.029683	
396.146179	2.073577	0.026775	
397.733856	2.060811	0.024222	
399.321472	2.048053	0.021979	
400.909119	2.035463	0.020004	
402.496735	2.023199	0.018255	
404.084320	2.011416	0.016691	
405.671906	2.000264	0.015275	
407.259460	1.989889	0.013968	
408.847015	1.980359	0.012747	
410.434570	1.971635	0.011608	
412.022064	1.963670	0.010549	
413.609619	1.956417	0.009566	
415.197083	1.949829	0.008656	
416.784576	1.943863	0.007817	
418.372009	1.938472	0.007045	
419.959473	1.933613	0.006337	
421.546875	1.929245	0.005690	
423.134277	1.925324	0.005100	
424.721680	1.921812	0.004564	
426.309021	1.918668	0.004079	
427.896393	1.915854	0.003641	
429.483704	1.913334	0.003248	
431.070984	1.911072	0.002896	
432.658295	1.909033	0.002582	
434.245544	1.907183	0.002302	
435.832764	1.905492	0.002055	
437.420013	1.903927	0.001837	
439.007172	1.902459	0.001645	
440.594330	1.901059	0.001476	
442.181488	1.899699	0.001328	
443.768616	1.898354	0.001199	
445.355713	1.896997	0.001085	
446.942780	1.895604	0.000985	
448.529846	1.894153	0.000896	
450.116852	1.892619	0.000815	
451.703857	1.890982	0.000741	
453.290833	1.889230	0.000673	
454.877777	1.887371	0.000609	
456.464691	1.885414	0.000550	
458.051575	1.883370	0.000495	
459.638428	1.881245	0.000444	
461.225250	1.879050	0.000397	
462.812073	1.876792	0.000354	
464.398834	1.874478	0.000314	
465.985596	1.872118	0.000278	
467.572266	1.869717	0.000245	
469.158997	1.867284	0.000214	
470.745605	1.864824	0.000187	
472.332214	1.862346	0.000162	
473.918793	1.859854	0.000139	
475.505371	1.857356	0.000119	
477.091888	1.854858	0.000101	
478.678375	1.852364	0.000085	
480.264832	1.849882	0.000071	
481.851257	1.847415	0.000058	
483.437653	1.844970	0.000048	
485.023987	1.842552	0.000038	
486.610291	1.840165	0.000030	
488.196594	1.837814	0.000024	
489.782806	1.835503	0.000018	
491.369049	1.833238	0.000013	
492.955231	1.831021	0.000010	
494.541351	1.828858	0.000007	
496.127441	1.826752	0.000004	
497.713470	1.824706	0.000003	
499.299500	1.822725	0.000001	
500.885498	1.820812	0.000001	
502.471436	1.818971	0.000000	
504.057312	1.817203	0.000000	
505.643158	1.815513	0.000000	
507.229004	1.813904	0.000000	
508.814789	1.812376	0.000000	
510.400543	1.810926	0.000000	
511.986237	1.809551	0.000000	
513.571899	1.808248	0.000000	
515.157471	1.807012	0.000000	
516.743042	1.805842	0.000000	
518.328552	1.804733	0.000000	
519.914063	1.803683	0.000000	
521.499451	1.802688	0.000000	
523.084839	1.801746	0.000000	
524.670227	1.800854	0.000000	
526.255493	1.800010	0.000000	
527.840759	1.799210	0.000000	
529.425964	1.798451	0.000000	
531.011108	1.797733	0.000000	
532.596252	1.797051	0.000000	
534.181274	1.796404	0.000000	
535.766296	1.795789	0.000000	
537.351257	1.795204	0.000000	
538.936157	1.794647	0.000000	
540.521057	1.794115	0.000000	
542.105896	1.793607	0.000000	
543.690674	1.793122	0.000000	
545.275391	1.792656	0.000000	
546.860046	1.792207	0.000000	
548.444702	1.791775	0.000000	
550.029175	1.791358	0.000000	
551.613708	1.790953	0.000000	
553.198181	1.790559	0.000000	
554.782593	1.790174	0.000000	
556.366943	1.789798	0.000000	
557.951233	1.789428	0.000000	
559.535522	1.789063	0.000000	
561.119690	1.788701	0.000000	
562.703796	1.788342	0.000000	
564.287903	1.787983	0.000000	
565.871948	1.787624	0.000000	
567.455872	1.787264	0.000000	
569.039795	1.786900	0.000000	
570.623657	1.786533	0.000000	
572.207397	1.786161	0.000000	
573.791138	1.785783	0.000000	
575.374878	1.785397	0.000000	
576.958435	1.785004	0.000000	
578.542053	1.784601	0.000000	
580.125549	1.784189	0.000000	
581.708984	1.783767	0.000000	
583.292358	1.783337	0.000000	
584.875671	1.782900	0.000000	
586.458923	1.782455	0.000000	
588.042114	1.782004	0.000000	
589.625244	1.781547	0.000000	
591.208313	1.781084	0.000000	
592.791321	1.780616	0.000000	
594.374268	1.780144	0.000000	
595.957153	1.779668	0.000000	
597.539978	1.779188	0.000000	
599.122681	1.778705	0.000000	
600.705444	1.778220	0.000000	
602.288025	1.777732	0.000000	
603.870544	1.777243	0.000000	
605.453064	1.776753	0.000000	
607.035522	1.776262	0.000000	
608.617798	1.775770	0.000000	
610.200134	1.775278	0.000000	
611.782349	1.774787	0.000000	
613.364502	1.774296	0.000000	
614.946594	1.773806	0.000000	
616.528625	1.773317	0.000000	
618.110535	1.772830	0.000000	
619.692444	1.772345	0.000000	
621.274231	1.771862	0.000000	
622.855957	1.771382	0.000000	
624.437622	1.770905	0.000000	
626.019165	1.770431	0.000000	
627.600708	1.769960	0.000000	
629.182190	1.769493	0.000000	
630.763550	1.769030	0.000000	
632.344849	1.768571	0.000000	
633.926086	1.768117	0.000000	
635.507202	1.767667	0.000000	
637.088257	1.767223	0.000000	
638.669312	1.766783	0.000000	
640.250183	1.766348	0.000000	
641.831055	1.765920	0.000000	
643.411865	1.765496	0.000000	
644.992554	1.765079	0.000000	
646.573120	1.764668	0.000000	
648.153687	1.764263	0.000000	
649.734192	1.763865	0.000000	
651.314575	1.763473	0.000000	
652.894897	1.763088	0.000000	
654.475098	1.762710	0.000000	
656.055298	1.762339	0.000000	
657.635315	1.761975	0.000000	
659.215332	1.761619	0.000000	
660.795227	1.761270	0.000000	
662.375061	1.760928	0.000000	
663.954773	1.760594	0.000000	
665.534485	1.760269	0.000000	
667.114075	1.759951	0.000000	
668.693542	1.759641	0.000000	
670.272949	1.759339	0.000000	
671.852295	1.759046	0.000000	
673.431519	1.758761	0.000000	
675.010742	1.758484	0.000000	
676.589783	1.758216	0.000000	
678.168823	1.757955	0.000000	
679.747681	1.757702	0.000000	
681.326538	1.757456	0.000000	
682.905273	1.757218	0.000000	
684.483948	1.756986	0.000000	
686.062500	1.756762	0.000000	
687.640991	1.756544	0.000000	
689.219360	1.756333	0.000000	
690.797668	1.756128	0.000000	
692.375854	1.755929	0.000000	
693.953979	1.755736	0.000000	
695.532043	1.755549	0.000000	
697.109985	1.755368	0.000000	
698.687866	1.755192	0.000000	
700.265564	1.755021	0.000000	
701.843262	1.754856	0.000000	
703.420837	1.754695	0.000000	
704.998352	1.754540	0.000000	
706.575745	1.754389	0.000000	
708.153015	1.754243	0.000000	
709.730225	1.754101	0.000000	
711.307312	1.753963	0.000000	
712.884399	1.753830	0.000000	
714.461304	1.753700	0.000000	
716.038147	1.753575	0.000000	
717.614868	1.753453	0.000000	
719.191528	1.753335	0.000000	
720.768005	1.753220	0.000000	
722.344482	1.753109	0.000000	
723.920837	1.753001	0.000000	
725.497070	1.752897	0.000000	
727.073242	1.752795	0.000000	
728.649292	1.752696	0.000000	
730.225220	1.752601	0.000000	
731.801147	1.752508	0.000000	
733.376831	1.752417	0.000000	
734.952515	1.752329	0.000000	
736.528076	1.752244	0.000000	
738.103577	1.752161	0.000000	
739.678894	1.752080	0.000000	
741.254150	1.752001	0.000000	
742.829346	1.751925	0.000000	
744.404419	1.751850	0.000000	
745.979370	1.751778	0.000000	
747.554138	1.751707	0.000000	
749.128906	1.751638	0.000000	
750.703552	1.751570	0.000000	
752.278076	1.751504	0.000000	
753.852539	1.751440	0.000000	
755.426880	1.751377	0.000000	
757.001099	1.751316	0.000000	
758.575195	1.751256	0.000000	
760.149170	1.751197	0.000000	
761.723083	1.751139	0.000000	
763.296875	1.751082	0.000000	
764.870544	1.751026	0.000000	
766.444153	1.750971	0.000000	
768.017639	1.750917	0.000000	
769.590942	1.750864	0.000000	
771.164246	1.750812	0.000000	
772.737427	1.750760	0.000000	
774.310425	1.750709	0.000000	
775.883362	1.750659	0.000000	
777.456177	1.750609	0.000000	
779.028870	1.750560	0.000000	
780.601440	1.750511	0.000000	
782.173950	1.750463	0.000000	
783.746277	1.750414	0.000000	
785.318542	1.750367	0.000000	
786.890686	1.750319	0.000000	
788.462708	1.750272	0.000000	
790.034607	1.750224	0.000000	
791.606384	1.750177	0.000000	
793.178101	1.750130	0.000000	
794.749634	1.750083	0.000000	
796.321167	1.750036	0.000000	
797.892456	1.749989	0.000000	
799.463684	1.749942	0.000000	
801.034790	1.749895	0.000000	
802.605774	1.749847	0.000000	
804.176636	1.749799	0.000000	
805.747375	1.749752	0.000000	
807.317993	1.749703	0.000000	
808.888550	1.749655	0.000000	
810.458923	1.749606	0.000000	
812.029175	1.749558	0.000000	
813.599365	1.749509	0.000000	
815.169373	1.749459	0.000000	
816.739319	1.749410	0.000000	
818.309082	1.749360	0.000000	
819.878723	1.749311	0.000000	
821.448364	1.749261	0.000000	
823.017761	1.749211	0.000000	
824.587036	1.749161	0.000000	
826.156250	1.749110	0.000000	
827.725281	1.749060	0.000000	
829.294250	1.749009	0.000000	
830.862976	1.748958	0.000000	
832.431763	1.748908	0.000000	
834.000305	1.748857	0.000000	
835.568665	1.748806	0.000000	
837.137024	1.748754	0.000000	
838.705200	1.748703	0.000000	
840.273254	1.748652	0.000000	
841.841125	1.748600	0.000000	
843.408997	1.748549	0.000000	
844.976563	1.748497	0.000000	
846.544128	1.748446	0.000000	
848.111511	1.748394	0.000000	
849.678833	1.748342	0.000000	
851.245972	1.748290	0.000000	
852.812988	1.748238	0.000000	
854.379883	1.748186	0.000000	
855.946655	1.748134	0.000000	
857.513306	1.748082	0.000000	
859.079773	1.748030	0.000000	
860.646179	1.747978	0.000000	
862.212402	1.747926	0.000000	
863.778503	1.747874	0.000000	
865.344421	1.747822	0.000000	
866.910278	1.747770	0.000000	
868.475952	1.747718	0.000000	
870.041626	1.747666	0.000000	
871.607056	1.747613	0.000000	
873.172241	1.747561	0.000000	
874.737427	1.747509	0.000000	
876.302429	1.747457	0.000000	
877.867371	1.747405	0.000000	
879.432129	1.747353	0.000000	
880.996704	1.747301	0.000000	
882.561218	1.747249	0.000000	
884.125488	1.747197	0.000000	
885.689758	1.747145	0.000000	
887.253784	1.747093	0.000000	
888.817688	1.747041	0.000000	
890.381470	1.746989	0.000000	
891.945129	1.746937	0.000000	
893.508606	1.746885	0.000000	
895.071960	1.746834	0.000000	
896.635132	1.746782	0.000000	
898.198242	1.746730	0.000000	
899.761230	1.746679	0.000000	
901.324036	1.746627	0.000000	
902.886597	1.746576	0.000000	
904.449097	1.746524	0.000000	
906.011536	1.746473	0.000000	
907.573730	1.746422	0.000000	
909.135864	1.746371	0.000000	
910.697754	1.746320	0.000000	
912.259460	1.746269	0.000000	
913.821167	1.746218	0.000000	
915.382629	1.746167	0.000000	
916.943970	1.746116	0.000000	
918.505188	1.746065	0.000000	
920.066223	1.746015	0.000000	
921.627136	1.745964	0.000000	
923.187866	1.745914	0.000000	
924.748413	1.745863	0.000000	
926.308960	1.745813	0.000000	
927.869263	1.745763	0.000000	
929.429382	1.745713	0.000000	
930.989441	1.745663	0.000000	
932.549316	1.745613	0.000000	
934.109009	1.745563	0.000000	
935.668579	1.745514	0.000000	
937.227905	1.745464	0.000000	
938.787231	1.745415	0.000000	
940.346313	1.745365	0.000000	
941.905273	1.745316	0.000000	
943.464050	1.745267	0.000000	
945.022644	1.745218	0.000000	
946.581177	1.745169	0.000000	
948.139465	1.745120	0.000000	
949.697632	1.745072	0.000000	
951.255676	1.745023	0.000000	
952.813599	1.744975	0.000000	
954.371216	1.744926	0.000000	
955.928833	1.744878	0.000000	
957.486145	1.744830	0.000000	
959.043457	1.744782	0.000000	
960.600464	1.744734	0.000000	
962.157410	1.744686	0.000000	
963.714172	1.744639	0.000000	
965.270813	1.744591	0.000000	
966.827271	1.744544	0.000000	
968.383484	1.744497	0.000000	
969.939636	1.744450	0.000000	
971.495605	1.744403	0.000000	
973.051392	1.744356	0.000000	
974.607056	1.744310	0.000000	
976.162476	1.744263	0.000000	
977.717896	1.744217	0.000000	
979.273071	1.744170	0.000000	
980.828003	1.744124	0.000000	
982.382813	1.744078	0.000000	
983.937500	1.744032	0.000000	
985.492004	1.743987	0.000000	
987.046265	1.743941	0.000000	
988.600464	1.743896	0.000000	
990.154480	1.743850	0.000000	
991.708374	1.743805	0.000000	
993.262024	1.743760	0.000000	
994.815552	1.743715	0.000000	
996.368835	1.743670	0.000000	
997.922058	1.743626	0.000000	
999.475098	1.743581	0.000000	