280	2.40024	0.192097
281	2.40079	0.184303
282	2.40043	0.176311
283	2.39921	0.168271
284	2.39722	0.160305
285	2.39454	0.152508
286	2.39126	0.14495
287	2.38745	0.137682
288	2.38322	0.130736
289	2.37862	0.124132
290	2.37372	0.117878
291	2.3686	0.111974
292	2.36329	0.106414
293	2.35784	0.101186
294	2.3523	0.0962792
295	2.34669	0.0916762
296	2.34105	0.0873613
297	2.3354	0.0833174
298	2.32975	0.0795279
299	2.32412	0.0759762
300	2.31853	0.0726465
301	2.31299	0.0695236
302	2.3075	0.0665932
303	2.30208	0.0638417
304	2.29673	0.0612566
305	2.29144	0.058826
306	2.28623	0.056539
307	2.28111	0.0543854
308	2.27605	0.0523558
309	2.27108	0.0504414
310	2.26619	0.0486343
311	2.26138	0.046927
312	2.25665	0.0453126
313	2.252	0.0437848
314	2.24743	0.0423377
315	2.24294	0.0409661
316	2.23852	0.0396647
317	2.23418	0.0384292
318	2.22991	0.0372552
319	2.22571	0.0361387
320	2.22159	0.0350763
321	2.21753	0.0340643
322	2.21354	0.0330999
323	2.20962	0.03218
324	2.20576	0.031302
325	2.20196	0.0304634
326	2.19823	0.0296619
327	2.19455	0.0288954
328	2.19094	0.0281617
329	2.18738	0.0274592
330	2.18387	0.026786
331	2.18043	0.0261405
332	2.17703	0.0255212
333	2.17368	0.0249267
334	2.17039	0.0243557
335	2.16714	0.0238069
336	2.16394	0.0232792
337	2.16079	0.0227716
338	2.15769	0.0222829
339	2.15462	0.0218123
340	2.1516	0.0213589
341	2.14863	0.0209218
342	2.14569	0.0205002
343	2.14279	0.0200934
344	2.13994	0.0197007
345	2.13712	0.0193214
346	2.13433	0.018955
347	2.13159	0.0186007
348	2.12888	0.0182582
349	2.1262	0.0179268
350	2.12356	0.0176062
351	2.12095	0.0172957
352	2.11837	1.70E-02
353	2.11582	0.0167036
354	2.11331	0.0164212
355	2.11082	0.0161473
356	2.10836	0.0158817
357	2.10593	0.015624
358	2.10353	0.0153739
359	2.10116	1.51E-02
360	2.09881	0.0148952
361	2.09649	0.014666
362	2.0942	0.0144433
363	2.09193	0.0142268
364	2.08968	0.0140163
365	2.08746	0.0138115
366	2.08526	0.0136122
367	2.08308	0.0134183
368	2.08092	0.0132295
369	2.07879	0.0130456
370	2.07668	0.0128665
371	2.07459	0.012692
372	2.07252	0.012522
373	2.07047	0.0123562
374	2.06844	0.0121946
375	2.06642	0.0120369
376	2.06443	0.0118831
377	2.06246	0.0117331
378	2.0605	0.0115866
379	2.05856	0.0114437
380	2.05664	0.0113041
381	2.05473	0.0111678
382	2.05284	0.0110346
383	2.05097	0.0109045
384	2.04911	0.0107773
385	2.04727	0.0106531
386	2.04545	0.0105316
387	2.04363	0.0104128
388	2.04184	0.0102966
389	2.04006	0.0101829
390	2.03829	0.0100717
391	2.03653	0.00996293
392	2.03479	0.00985644
393	2.03306	0.00975219
394	2.03135	0.00965013
395	2.02965	0.00955018
396	2.02796	0.0094523
397	2.02628	0.00935641
398	2.02462	0.00926247
399	2.02296	0.00917042
400	2.02132	0.0090802
401	2.01969	0.00899178
402	2.01807	0.00890509
403	2.01646	0.0088201
404	2.01487	0.00873675
405	2.01328	0.008655
406	2.0117	0.00857482
407	2.01014	0.00849615
408	2.00858	0.00841897
409	2.00703	0.00834322
410	2.00549	0.00826888
411	2.00397	0.00819591
412	2.00245	0.00812428
413	2.00094	0.00805395
414	1.99944	0.00798488
415	1.99795	0.00791705
416	1.99646	0.00785043
417	1.99499	0.00778499
418	1.99352	0.0077207
419	1.99206	0.00765752
420	1.99061	0.00759545
421	1.98917	0.00753444
422	1.98774	0.00747447
423	1.98631	0.00741553
424	1.98489	0.00735758
425	1.98348	0.0073006
426	1.98207	0.00724458
427	1.98067	0.00718948
428	1.97928	0.00713529
429	1.97789	0.00708199
430	1.97652	0.00702955
431	1.97515	0.00697797
432	1.97378	0.00692721
433	1.97242	0.00687727
434	1.97107	0.00682812
435	1.96972	0.00677974
436	1.96838	0.00673213
437	1.96705	0.00668526
438	1.96572	0.00663912
439	1.96439	0.0065937
440	1.96308	0.00654897
441	1.96176	0.00650492
442	1.96046	6.46E-03
443	1.95916	0.00641883
444	1.95786	0.00637675
445	1.95657	0.0063353
446	1.95528	0.00629447
447	1.954	0.00625425
448	1.95272	0.00621462
449	1.95145	6.18E-03
450	1.95019	0.00613708
451	1.94892	0.00609916
452	1.94767	0.00606178
453	1.94641	0.00602494
454	1.94516	0.00598863
455	1.94392	0.00595283
456	1.94268	0.00591754
457	1.94144	0.00588275
458	1.94021	0.00584845
459	1.93898	0.00581462
460	1.93775	0.00578127
461	1.93653	0.00574838
462	1.93532	0.00571594
463	1.9341	0.00568394
464	1.93289	0.00565238
465	1.93169	0.00562125
466	1.93048	0.00559055
467	1.92928	5.56E-03
468	1.92809	5.53E-03
469	1.9269	5.50E-03
470	1.92571	5.47E-03
471	1.92452	5.44E-03
472	1.92334	5.41E-03
473	1.92216	5.39E-03
474	1.92098	5.36E-03
475	1.91981	5.33E-03
476	1.91863	5.31E-03
477	1.91747	5.28E-03
478	1.9163	5.25E-03
479	1.91514	5.23E-03
480	1.91398	5.20E-03
481	1.91282	5.18E-03
482	1.91166	5.15E-03
483	1.91051	5.13E-03
484	1.90936	5.10E-03
485	1.90821	5.08E-03
486	1.90707	5.05E-03
487	1.90593	5.03E-03
488	1.90479	5.01E-03
489	1.90365	4.99E-03
490	1.90251	4.96E-03
491	1.90138	4.94E-03
492	1.90025	4.92E-03
493	1.89912	4.90E-03
494	1.89799	4.88E-03
495	1.89686	4.85E-03
496	1.89574	4.83E-03
497	1.89462	4.81E-03
498	1.8935	4.79E-03
499	1.89238	4.77E-03
500	1.89126	4.75E-03
501	1.89015	4.73E-03
502	1.88904	4.71E-03
503	1.88792	4.69E-03
504	1.88681	4.68E-03
505	1.88571	4.66E-03
506	1.8846	4.64E-03
507	1.8835	4.62E-03
508	1.88239	4.60E-03
509	1.88129	4.58E-03
510	1.88019	4.57E-03
511	1.87909	4.55E-03
512	1.87799	4.53E-03
513	1.8769	4.51E-03
514	1.8758	4.50E-03
515	1.87471	4.48E-03
516	1.87361	4.46E-03
517	1.87252	4.45E-03
518	1.87143	4.43E-03
519	1.87034	4.42E-03
520	1.86925	4.40E-03
521	1.86817	4.38E-03
522	1.86708	4.37E-03
523	1.866	4.35E-03
524	1.86491	4.34E-03
525	1.86383	4.32E-03
526	1.86275	4.31E-03
527	1.86166	4.30E-03
528	1.86058	4.28E-03
529	1.8595	4.27E-03
530	1.85843	4.25E-03
531	1.85735	4.24E-03
532	1.85627	4.23E-03
533	1.85519	4.21E-03
534	1.85412	4.20E-03
535	1.85304	4.18E-03
536	1.85197	4.17E-03
537	1.85089	4.16E-03
538	1.84982	4.15E-03
539	1.84875	4.13E-03
540	1.84768	4.12E-03
541	1.84661	4.11E-03
542	1.84553	4.10E-03
543	1.84446	4.08E-03
544	1.84339	4.07E-03
545	1.84232	4.06E-03
546	1.84125	4.05E-03
547	1.84019	4.04E-03
548	1.83912	4.03E-03
549	1.83805	4.01E-03
550	1.83698	4.00E-03
551	1.83591	3.99E-03
552	1.83485	3.98E-03
553	1.83378	3.97E-03
554	1.83271	3.96E-03
555	1.83165	3.95E-03
556	1.83058	3.94E-03
557	1.82951	3.93E-03
558	1.82845	3.92E-03
559	1.82738	3.91E-03
560	1.82632	3.90E-03
561	1.82525	3.89E-03
562	1.82419	3.88E-03
563	1.82312	3.87E-03
564	1.82206	3.86E-03
565	1.82099	3.85E-03
566	1.81993	3.84E-03
567	1.81886	3.83E-03
568	1.8178	3.82E-03
569	1.81673	3.81E-03
570	1.81566	3.80E-03
571	1.8146	3.80E-03
572	1.81353	3.79E-03
573	1.81247	3.78E-03
574	1.8114	3.77E-03
575	1.81034	3.76E-03
576	1.80927	3.75E-03
577	1.8082	3.74E-03
578	1.80714	3.74E-03
579	1.80607	3.73E-03
580	1.80501	3.72E-03
581	1.80394	3.71E-03
582	1.80287	3.70E-03
583	1.8018	3.70E-03
584	1.80074	3.69E-03
585	1.79967	3.68E-03
586	1.7986	3.67E-03
587	1.79753	3.67E-03
588	1.79646	3.66E-03
589	1.79539	3.65E-03
590	1.79432	3.65E-03
591	1.79325	3.64E-03
592	1.79218	3.63E-03
593	1.79111	3.62E-03
594	1.79004	3.62E-03
595	1.78897	3.61E-03
596	1.78789	3.60E-03
597	1.78682	3.60E-03
598	1.78575	3.59E-03
599	1.78467	3.59E-03
600	1.7836	3.58E-03
601	1.78252	3.57E-03
602	1.78145	3.57E-03
603	1.78037	3.56E-03
604	1.7793	3.55E-03
605	1.77822	3.55E-03
606	1.77714	3.54E-03
607	1.77606	3.54E-03
608	1.77498	3.53E-03
609	1.7739	3.53E-03
610	1.77282	3.52E-03
611	1.77174	3.51E-03
612	1.77066	3.51E-03
613	1.76958	3.50E-03
614	1.7685	3.50E-03
615	1.76741	3.49E-03
616	1.76633	3.49E-03
617	1.76524	3.48E-03
618	1.76416	3.48E-03
619	1.76307	3.47E-03
620	1.76198	3.47E-03
621	1.76089	3.46E-03
622	1.7598	3.46E-03
623	1.75871	3.45E-03
624	1.75762	3.45E-03
625	1.75653	3.45E-03
626	1.75544	3.44E-03
627	1.75435	3.44E-03
628	1.75325	3.43E-03
629	1.75216	3.43E-03
630	1.75106	3.42E-03
631	1.74996	3.42E-03
632	1.74887	3.42E-03
633	1.74777	3.41E-03
634	1.74667	3.41E-03
635	1.74557	3.40E-03
636	1.74447	3.40E-03
637	1.74336	3.40E-03
638	1.74226	3.39E-03
639	1.74116	3.39E-03
640	1.74005	3.39E-03
641	1.73895	3.38E-03
642	1.73784	3.38E-03
643	1.73673	3.37E-03
644	1.73562	3.37E-03
645	1.73451	3.37E-03
646	1.7334	3.36E-03
647	1.73229	3.36E-03
648	1.73117	3.36E-03
649	1.73006	3.36E-03
650	1.72894	3.35E-03
651	1.72782	3.35E-03
652	1.72671	3.35E-03
653	1.72559	3.34E-03
654	1.72447	3.34E-03
655	1.72335	3.34E-03
656	1.72222	3.33E-03
657	1.7211	3.33E-03
658	1.71997	3.33E-03
659	1.71885	3.33E-03
660	1.71772	3.32E-03
661	1.71659	3.32E-03
662	1.71546	3.32E-03
663	1.71433	3.32E-03
664	1.7132	3.31E-03
665	1.71207	3.31E-03
666	1.71093	3.31E-03
667	1.7098	3.31E-03
668	1.70866	3.31E-03
669	1.70752	3.30E-03
670	1.70638	3.30E-03
671	1.70524	3.30E-03
672	1.7041	3.30E-03
673	1.70295	3.30E-03
674	1.70181	3.29E-03
675	1.70066	3.29E-03
676	1.69951	3.29E-03
677	1.69837	3.29E-03
678	1.69722	3.29E-03
679	1.69606	3.29E-03
680	1.69491	3.28E-03
681	1.69376	3.28E-03
682	1.6926	3.28E-03
683	1.69144	3.28E-03
684	1.69028	3.28E-03
685	1.68912	3.28E-03
686	1.68796	3.28E-03
687	1.6868	3.28E-03
688	1.68564	3.27E-03
689	1.68447	3.27E-03
690	1.6833	3.27E-03
691	1.68213	3.27E-03
692	1.68096	3.27E-03
693	1.67979	3.27E-03
694	1.67862	3.27E-03
695	1.67744	3.27E-03
696	1.67627	3.27E-03
697	1.67509	3.27E-03
698	1.67391	3.26E-03
699	1.67273	3.26E-03
700	1.67155	3.26E-03
701	1.67036	3.26E-03
702	1.66918	3.26E-03
703	1.66799	3.26E-03
704	1.6668	3.26E-03
705	1.66561	3.26E-03
706	1.66442	3.26E-03
707	1.66323	3.26E-03
708	1.66203	3.26E-03
709	1.66083	3.26E-03
710	1.65964	3.26E-03
711	1.65844	3.26E-03
712	1.65723	3.26E-03
713	1.65603	3.26E-03
714	1.65483	3.26E-03
715	1.65362	3.26E-03
716	1.65241	3.26E-03
717	1.6512	3.26E-03
718	1.64999	3.26E-03
719	1.64878	3.26E-03
720	1.64756	3.26E-03
721	1.64634	3.26E-03
722	1.64512	3.26E-03
723	1.6439	3.26E-03
724	1.64268	3.26E-03
725	1.64146	3.26E-03
726	1.64023	3.26E-03
727	1.63901	3.26E-03
728	1.63778	3.26E-03
729	1.63655	3.26E-03
730	1.63531	3.26E-03
731	1.63408	3.26E-03
732	1.63284	3.27E-03
733	1.6316	3.27E-03
734	1.63036	3.27E-03
735	1.62912	3.27E-03
736	1.62788	3.27E-03
737	1.62663	3.27E-03
738	1.62539	3.27E-03
739	1.62414	3.27E-03
740	1.62289	3.27E-03
741	1.62163	3.27E-03
742	1.62038	3.27E-03
743	1.61912	3.28E-03
744	1.61786	3.28E-03
745	1.6166	3.28E-03
746	1.61534	3.28E-03
747	1.61407	3.28E-03
748	1.61281	3.28E-03
749	1.61154	3.28E-03
750	1.61027	3.28E-03
751	1.609	3.29E-03
752	1.60772	3.29E-03
753	1.60645	3.29E-03
754	1.60517	3.29E-03
755	1.60389	3.29E-03
756	1.60261	3.29E-03
757	1.60132	3.30E-03
758	1.60004	3.30E-03
759	1.59875	3.30E-03
760	1.59746	3.30E-03
761	1.59617	3.30E-03
762	1.59487	3.30E-03
763	1.59357	3.31E-03
764	1.59228	3.31E-03
765	1.59098	3.31E-03
766	1.58967	3.31E-03
767	1.58837	3.31E-03
768	1.58706	3.32E-03
769	1.58575	3.32E-03
770	1.58444	3.32E-03
771	1.58313	3.32E-03
772	1.58181	3.33E-03
773	1.58049	3.33E-03
774	1.57917	3.33E-03
775	1.57785	3.33E-03
776	1.57653	3.34E-03
777	1.5752	3.34E-03
778	1.57387	3.34E-03
779	1.57254	3.34E-03
780	1.57121	3.35E-03
781	1.56988	3.35E-03
782	1.56854	3.35E-03
783	1.5672	3.35E-03
784	1.56586	3.36E-03
785	1.56451	3.36E-03
786	1.56317	3.36E-03
787	1.56182	3.36E-03
788	1.56047	3.37E-03
789	1.55911	3.37E-03
790	1.55776	3.37E-03
791	1.5564	3.38E-03
792	1.55504	3.38E-03
793	1.55368	3.38E-03
794	1.55232	3.39E-03
795	1.55095	3.39E-03
796	1.54958	3.39E-03
797	1.54821	3.40E-03
798	1.54683	3.40E-03
799	1.54546	3.40E-03
800	1.54408	3.41E-03
801	1.5427	3.41E-03
802	1.54131	3.41E-03
803	1.53993	3.42E-03
804	1.53854	3.42E-03
805	1.53715	3.42E-03
806	1.53576	3.43E-03
807	1.53436	3.43E-03
808	1.53296	3.43E-03
809	1.53156	3.44E-03
810	1.53016	3.44E-03
811	1.52875	3.45E-03
812	1.52735	3.45E-03
813	1.52593	3.45E-03
814	1.52452	3.46E-03
815	1.52311	3.46E-03
816	1.52169	3.47E-03
817	1.52027	3.47E-03
818	1.51884	3.47E-03
819	1.51742	3.48E-03
820	1.51599	3.48E-03
821	1.51456	3.49E-03
822	1.51313	3.49E-03
823	1.51169	3.49E-03
824	1.51025	3.50E-03
825	1.50881	3.50E-03
826	1.50737	3.51E-03
827	1.50592	3.51E-03
828	1.50447	3.52E-03
829	1.50302	3.52E-03
830	1.50157	3.53E-03
831	1.50011	3.53E-03
832	1.49865	3.54E-03
833	1.49719	3.54E-03
834	1.49572	3.55E-03
835	1.49426	3.55E-03
836	1.49278	3.55E-03
837	1.49131	3.56E-03
838	1.48984	3.56E-03
839	1.48836	3.57E-03
840	1.48688	3.57E-03
841	1.48539	3.58E-03
842	1.4839	3.59E-03
843	1.48241	3.59E-03
844	1.48092	3.60E-03
845	1.47943	3.60E-03
846	1.47793	3.61E-03
847	1.47643	3.61E-03
848	1.47492	3.62E-03
849	1.47342	3.62E-03
850	1.47191	3.63E-03
851	1.4704	3.63E-03
852	1.46888	3.64E-03
853	1.46736	3.64E-03
854	1.46584	3.65E-03
855	1.46432	3.66E-03
856	1.46279	3.66E-03
857	1.46126	3.67E-03
858	1.45973	3.67E-03
859	1.45819	3.68E-03
860	1.45665	3.68E-03
